,Time,x,y,z,qx,qy,qz,qw
0,0.016651849918433933,-25.16892093691068,-465.4423360837075,-1796.250882490449,-0.16353537533821313,0.6882806688728432,0.14540593049626901,0.6916565778012052
1,0.06660739967373573,-25.336839394297485,-465.27147197747024,-1795.8967522351636,-0.16480159212775233,0.6875967322857744,0.14466470284662541,0.6921873248856704
2,0.11656294942903754,-25.50475785168429,-465.10060787123297,-1795.5426219798783,-0.16606780891729153,0.6869127956987057,0.14392347519698181,0.6927180719701356
3,0.21647404893964114,-25.99245924575726,-464.6829717304757,-1795.4768253513569,-0.16636786259892758,0.686346309070141,0.14427113083387533,0.6931351377097928
4,0.31638514845024474,-25.983377494001672,-464.15864855344824,-1795.3198327872783,-0.16646140907032952,0.6857341778311818,0.1441639485938733,0.6937405801669213
5,0.3663406982055465,-25.774043664707605,-463.9706323455754,-1795.2190774065846,-0.1664030528780358,0.686197719562565,0.1430157291292496,0.6935338599388166
6,0.46625179771615016,-25.386504554004873,-463.65712912144573,-1795.6429947089682,-0.16548747818175386,0.6859962443291232,0.14282551616265657,0.6939912962453147
7,0.5661628972267537,-25.21096555720122,-463.281747012285,-1796.1722398428321,-0.1659124067309963,0.68557634608293,0.14271885463421577,0.6943266346008948
8,0.6161184469820555,-25.18814569374466,-463.15971314638875,-1796.424071960956,-0.16596059590450551,0.6857701928209018,0.14245752396788144,0.6941773383728
9,0.7160295464926592,-25.21524710553369,-463.0090076972265,-1796.8477029001517,-0.16623316492085538,0.6853042949506422,0.14242744972785892,0.6945782747585885
10,0.8159406460032627,-24.74362382451146,-462.918817960113,-1797.2089726728818,-0.16547427780259905,0.6855460513948973,0.14210559353151447,0.6945868376881533
11,0.8658961957585646,-24.16713639575923,-462.83888383230874,-1797.4524436832392,-0.1647421533069052,0.6850255359962399,0.14230542991050626,0.6952332001385251
12,0.9658072952691681,-24.08355850943805,-462.9501399149431,-1797.5894671691988,-0.1634705146104326,0.6850637685734504,0.14346873881537855,0.6952566035814884
13,1.0657183947797717,-24.570810407603403,-462.85269187392606,-1797.4016395733217,-0.1635063036183862,0.6844363129584748,0.14374645941322017,0.6958085782649022
14,1.1156739445350734,-24.732073384215596,-462.6790512989896,-1797.308291615116,-0.16291452426169517,0.6840774892298109,0.1440068095657588,0.6962462820815023
15,1.215585044045677,-24.727585378260073,-462.1743028673083,-1797.005953216522,-0.1620432970726033,0.68306419418214,0.14491092012236836,0.6972561234793369
16,1.3154961435562806,-24.525751762707543,-462.010925631171,-1796.9528496232645,-0.16215389762961974,0.6822185286879664,0.14352737067646884,0.6983436736056601
17,1.3654516933115823,-24.452727800043178,-461.9615323344351,-1797.209238728084,-0.16160748661083138,0.6823303352539,0.14379171572778426,0.6983067208266655
18,1.465362792822186,-24.49379536387535,-461.4691816585097,-1797.695294232681,-0.16107638439802066,0.6820158635470578,0.1437217402488376,0.6987509009935285
19,1.5652738923327898,-24.922862429282404,-460.3705371005176,-1798.4056811192088,-0.16118696517876863,0.6811470687823546,0.1436115499381371,0.6995949940287097
20,1.6152294420880915,-25.20334617698839,-459.7085266439471,-1798.569412205898,-0.16141729863064286,0.6810990908611837,0.14304715997461,0.699704219048344
21,1.7151405415986951,-25.630322280882652,-457.9463801960997,-1798.7175963037287,-0.1607643262307493,0.6800251511738812,0.1436148701580666,0.7007819876766205
22,1.8150516411092985,-27.03197160981719,-455.6779555358959,-1797.4746074238092,-0.15882525001486641,0.6807439509018249,0.14461369922508363,0.7003207060088442
23,1.8650071908646007,-28.316206035167696,-454.1443837579443,-1795.0609038929804,-0.15631014438446778,0.6831717312504914,0.14579810943624993,0.6982738973121709
24,1.964918290375204,-35.27383813507214,-449.26618946728047,-1782.9790322966319,-0.14756363033901446,0.6900494610383584,0.1506527627159779,0.6923586219639972
25,2.0648293898858077,-48.17022623810476,-438.52036410029655,-1756.842453684987,-0.13986328898382197,0.685247027414477,0.15919431770860365,0.6968012205956181
26,2.114784939641109,-55.94732750484181,-430.24775140159545,-1739.0706422605972,-0.13776495332802813,0.6776403749874632,0.16328210703218576,0.7036784019312418
27,2.214696039151713,-71.22072825531257,-408.1893953862924,-1698.586156203514,-0.1306992055110244,0.6626702004387632,0.17427720736742813,0.7165287001379964
28,2.314607138662317,-82.52393326697761,-381.69246970025904,-1658.8683898441614,-0.1229747908116952,0.6520030664806254,0.1807193761030919,0.7260232153489241
29,2.3645626884176183,-86.38346128421924,-367.5512787108778,-1640.8819738987936,-0.12171625944349501,0.6461504219486122,0.18157036151106393,0.7312366157567985
30,2.464473787928222,-90.94866077199715,-338.6858662794018,-1611.4831270823252,-0.11801004684338932,0.6421470613260146,0.1817957659195084,0.73530339314335
31,2.5643848874388255,-90.7719468748438,-310.1576470438321,-1590.7992038213424,-0.11720977610539306,0.6438109053653308,0.18087601785602803,0.734202460280911
32,2.614340437194127,-88.79849316103447,-297.01082929050995,-1583.0357311051407,-0.11768926982342745,0.6430550522541785,0.17718592284897922,0.7356864714557145
33,2.714251536704731,-78.98938954907348,-273.07552871859383,-1572.1026698561384,-0.11112669685165645,0.6502800930721147,0.1728244445076169,0.7313811381089861
34,2.8141626362153347,-63.13470006871866,-253.69971863806143,-1564.822302797547,-0.09929173445187674,0.6572294706878784,0.16741488696425177,0.7281228124098407
35,2.8641181859706366,-54.06904928149085,-245.74039908615896,-1561.7324857424828,-0.0942221140759164,0.65841645935734,0.16418246509925258,0.7284600726329084
36,2.96402928548124,-35.22957172478145,-233.66011178537144,-1557.1316441697463,-0.07971477733851702,0.6641700829465097,0.15889871660642715,0.7261369382241392
37,3.0639403849918434,-18.038063720351616,-225.51640868865405,-1552.9419812596443,-0.06656496524721858,0.6665043379012922,0.1541614810094757,0.7263437965133053
38,3.1138959347471453,-10.593923713982974,-222.49921758576198,-1551.2837549275505,-0.060925885825785446,0.6672979544034989,0.15203064334186409,0.7265591235201083
39,3.2138070342577487,0.5464191879884055,-217.8528551257326,-1548.868770360415,-0.05203133366745421,0.668894617040121,0.1483164551942662,0.7265500400730448
40,3.3137181337683526,8.377360866513996,-214.12631600808828,-1547.805225594924,-0.04411319329007739,0.6712505819919069,0.14581092315548447,0.7254073731647784
41,3.363673683523654,10.905767587579206,-212.4756426677623,-1547.4650571995533,-0.041821196223438786,0.6719127392494445,0.14660373542774402,0.7247700346588433
42,3.4635847830342583,13.743003806511467,-210.1862987639025,-1547.3330720249007,-0.03930210896204352,0.6722976537833869,0.14609245746080854,0.724657300260993
43,3.5634958825448617,14.518679164734735,-208.57809381253787,-1547.407345794681,-0.0396825437460086,0.6713380028251665,0.1461821328190105,0.725507660696321
44,3.6134514323001636,14.515204424125926,-207.7927820176713,-1547.3044190410112,-0.03929879215782444,0.6705921224794257,0.14759649104168232,0.7259318742386627
45,3.713362531810767,14.874219484130606,-206.5975621552693,-1547.5995938261508,-0.03789726895161357,0.6702306226699979,0.1495062593069146,0.7259494389208173
46,3.8132736313213704,15.79862744244349,-205.99246955147535,-1548.163178729053,-0.036497689270364134,0.6700212673173084,0.14888973245356515,0.7263410132921985
47,3.8632291810766723,16.044860612983868,-205.81893106168923,-1548.1045235909469,-0.03605772927723793,0.6689494751105834,0.1490993244474547,0.7273072468757321
48,3.9631402805872757,16.49950198688566,-205.65515095010915,-1548.4814392417506,-0.03501750829304907,0.6686360100710956,0.14891295184067696,0.7276844047547318
49,4.063051380097879,16.76797197347682,-205.55318402603672,-1549.6360760293394,-0.03560747209123119,0.6687715756927468,0.14765286359292246,0.7277879631798829
50,4.1130069298531815,16.849833053276257,-205.53294039242945,-1550.20590020153,-0.036376429866637805,0.6687412356369662,0.147136005460201,0.7278824843380398
51,4.212918029363785,17.53428549943719,-205.40785233094635,-1551.3092626439206,-0.036425302628618046,0.6693959134685279,0.14588540472181039,0.7275299011375425
52,4.312829128874388,18.109071011392004,-204.64119617593667,-1551.1467528669343,-0.03650959833180539,0.668421274472406,0.14533348491801762,0.7285315554071211
53,4.362784678629691,18.163218321794346,-203.98100687482116,-1550.9815786494335,-0.03669063558472237,0.6680821716462274,0.1462258216745474,0.7286549377204914
54,4.462695778140294,17.686380504989202,-202.87740369161037,-1550.9010499806475,-0.03744486039296847,0.6683322088855009,0.14595008908713694,0.7284425251808375
55,4.5626068776508975,17.093425944235662,-202.04658607078395,-1551.2199917650803,-0.03862749795966091,0.6690719732005492,0.14492549757728007,0.727906045606765
56,4.612562427406199,17.01428340684484,-201.7515271911031,-1551.1325586441906,-0.0393974674541964,0.6690787976360122,0.14389642368365851,0.7280626493394623
57,4.712473526916803,17.00102682401659,-201.2348725392896,-1551.611886693287,-0.03983990111007707,0.6684180490823249,0.1434170039867902,0.7287397731069514
58,4.812384626427407,16.69424416154267,-201.14938596960886,-1551.4697958457418,-0.039938752861458364,0.6683992432489665,0.14314020234710698,0.7288060305157399
59,4.862340176182708,16.274768615601133,-201.167954348872,-1551.2424251406444,-0.04050742457612448,0.6676290220228488,0.1432498452053946,0.7294587852344055
60,4.962251275693312,15.149373192148431,-201.63190432800087,-1551.2198385940321,-0.04184172470025642,0.6680456678867683,0.1427196141697184,0.7291058684601821
61,5.062162375203916,13.879397444180995,-202.0068633424119,-1551.2669530289388,-0.04250702954414253,0.6674987735712965,0.14425085847545296,0.7292669124190698
62,5.112117924959217,13.37907806614919,-202.19870407122912,-1551.3508152923303,-0.04293008468855049,0.6673195273224906,0.14530108474020148,0.7291976762552406
63,5.21202902446982,12.758226776537839,-203.06979781673442,-1551.2431158261115,-0.044399011371613915,0.6666240606515055,0.14437793650814154,0.7299288328319222
64,5.311940123980425,11.932953127711173,-203.55242658670568,-1551.4897796584319,-0.04469385769007633,0.6657542432405772,0.14537726411569357,0.7305061243892357
65,5.361895673735726,11.504980343266354,-203.54458659044764,-1551.4948953174373,-0.04516997475431048,0.6651990494939214,0.14587005543309,0.7308842759705709
66,5.461806773246329,10.704968169946852,-203.20562401052084,-1552.1119882830806,-0.045994052467309005,0.6652095359889206,0.14661836994369687,0.730673575519255
67,5.561717872756933,9.967617609301172,-202.44201846077988,-1553.3986739142583,-0.04812109328175584,0.6657225786384354,0.14605599458694676,0.73018179593686
68,5.6116734225122356,9.718482227614984,-202.13206720719165,-1554.2265824398926,-0.048360630056614395,0.6655935123694653,0.14629797004300935,0.7302351879452952
69,5.711584522022839,9.37163123119484,-201.48284683231708,-1556.0467053863003,-0.04962867344742567,0.6663445799712603,0.14530274081771766,0.7296636273144173
70,5.811495621533442,9.285805401990999,-200.50343802806555,-1556.9910838038795,-0.05098727846128417,0.6659558549016337,0.1446323700936738,0.7300579252897897
71,5.861451171288744,9.140106001250956,-200.02914351030734,-1557.3673781765874,-0.05043560990079089,0.6661811184418533,0.1454052242621965,0.7297371358528746
72,5.9613622707993486,8.725759901249859,-199.09386664110667,-1557.450522060913,-0.05211791660855843,0.6658345478934588,0.1453514455492451,0.7299459122953164
73,6.0612733703099515,8.943746029078255,-198.44143725537342,-1557.6485018604108,-0.05211997226421562,0.6657164133592129,0.1443577101656031,0.7302506535368979
74,6.111228920065253,9.10638210098837,-198.0726764776273,-1557.853763807642,-0.05366381157688413,0.6647143152442201,0.1433163417483227,0.7312561115124621
75,6.211140019575857,9.566476655161992,-197.18240428072016,-1558.6577941452854,-0.054471924619227494,0.6651722830445076,0.1423566416058802,0.7309673247747327
76,6.31105111908646,9.298946368226439,-195.52473854286671,-1559.0886034056412,-0.05703478955060898,0.6634544942426893,0.1427992807186519,0.7322455409740168
77,6.361006668841762,8.854119239844636,-194.41741839332946,-1559.439787418211,-0.05858139142260609,0.6629115084520978,0.14346382672712074,0.7324852783241219
78,6.460917768352366,7.72528410865641,-191.8011318098337,-1558.992637482153,-0.06285612448912847,0.6607149029173875,0.14435282611018876,0.733939497691108
79,6.56082886786297,6.598793058553227,-189.67969921762187,-1558.9318905210098,-0.06506324595615429,0.6596610565211077,0.14543943319301783,0.7344803849032312
80,6.61078441761827,6.0970578616332745,-188.79728260765737,-1558.9799840212604,-0.06613411588211386,0.6595839246842105,0.14696173832584403,0.7341509194184198
81,6.710695517128875,5.4419065862260965,-187.69900860223012,-1558.8622853913191,-0.06852848568147436,0.6589922034613982,0.14690328660348065,0.7344743336648264
82,6.810606616639479,5.362018956734204,-187.27496267672134,-1558.601888783401,-0.07005566891614254,0.6581710320049426,0.1460260748437508,0.7352411042290737
83,6.8605621663947804,5.346238114618956,-187.29706847620392,-1558.4304787327496,-0.07026824911477003,0.6580099914169848,0.14593555189530893,0.7353829200183912
84,6.960473265905383,3.5204176444140103,-187.90744534352095,-1558.1455925318116,-0.07019977942608302,0.6562548500551071,0.14686849186338574,0.7367707980406476
85,7.060384365415987,-8.386409669349732,-188.8432715580374,-1558.9686905879387,-0.07931048785346789,0.6514570709407373,0.15199395994443266,0.7390611391340841
86,7.11033991517129,-18.90162291105341,-189.37891892042688,-1560.460725560922,-0.08510392947863783,0.6488027518545837,0.1561300955176093,0.7398889806226855
87,7.210251014681893,-48.42425523320033,-190.49443241760974,-1567.1541797747795,-0.10424956874036845,0.6398270936173549,0.16436363235441648,0.7434634584496255
88,7.310162114192496,-81.97897347247614,-190.48776568940468,-1581.9667491192859,-0.1288291186030889,0.635201323003209,0.16960762167179516,0.7423985399539532
89,7.360117663947799,-97.31331343558412,-189.94247595831928,-1592.0922335723876,-0.1390810422320258,0.6334291070592728,0.1717232555793173,0.7415761279295512
90,7.460028763458403,-122.20155997823312,-187.34879999409884,-1618.4628930339552,-0.16396458746110412,0.6354002492702083,0.17123309255571004,0.7348886754467473
91,7.5599398629690056,-136.39410314250097,-183.62755576676523,-1650.437829596304,-0.18292690784441834,0.6416826436849952,0.16698485410105193,0.725876841951006
92,7.609895412724307,-139.17994548878062,-181.05598055643713,-1667.6502160036052,-0.192910790494909,0.6458346537195925,0.16196532287966325,0.7207289789858667
93,7.759762061990213,-133.15306060855735,-172.01340999887543,-1717.8935409502078,-0.20804303165386084,0.6587945739933398,0.14927823630670423,0.7074063997606783
94,7.859673161500816,-122.105085562793,-165.91443926265447,-1746.5932776617071,-0.2130542434839684,0.6655332470570178,0.13669515115594172,0.7021309151758457
95,7.95958426101142,-109.7885832056058,-161.17941560858202,-1768.7628391185824,-0.21364361535387066,0.6726359802474534,0.12515364923482458,0.69731901435303
96,8.109450910277326,-94.75452167566925,-156.1517718033395,-1788.1012813038303,-0.21341005231965166,0.6778621896331626,0.11333312534405741,0.6943447300400617
97,8.20936200978793,-85.90587745688515,-152.9754150175105,-1793.3004797668207,-0.2065848343747709,0.6804635586592587,0.11131785621978874,0.6941904540036232
98,8.309273109298532,-77.9371815563983,-150.94176919600292,-1794.7126312725836,-0.2022356382585172,0.6795604544967155,0.10605880969152555,0.6971727649508437
99,8.459139758564437,-70.2394024255406,-149.34522053820416,-1793.8506535532058,-0.19655010642110485,0.6785507877401369,0.10306033520162176,0.7002252861981074
100,8.559050858075041,-67.80769882447679,-149.12871005817667,-1793.8586607292216,-0.19494985448744592,0.6801952381865701,0.1009412138158186,0.6993853469561884
101,8.658961957585644,-65.97544807386707,-149.14369070864123,-1794.2376923655136,-0.19488974027381617,0.6806576383531575,0.09897861818131215,0.6992327235122971
102,8.80882860685155,-64.27892217739058,-149.22735718967704,-1794.2425043442292,-0.19321924067099264,0.6813430397458039,0.09872051261362305,0.6990652670629378
103,8.908739706362153,-63.24881395098136,-149.41496326605025,-1794.8239329147048,-0.19136991495421918,0.6828493409581592,0.09873159547059442,0.6981020020450116
104,9.008650805872758,-62.41154148686272,-149.62304980907925,-1794.9734522715858,-0.19150457805008217,0.6824339351972377,0.09804424543523059,0.6985679971299206
105,9.158517455138663,-61.85981063333817,-149.72748986157274,-1795.0154733277468,-0.19053681341932918,0.6825803162159051,0.09847936191065339,0.6986284061819082
106,9.258428554649267,-62.12958678617376,-149.42435575933487,-1794.6576407368034,-0.19120221262939585,0.6818202051767256,0.09884706162083556,0.6991367392057994
107,9.35833965415987,-62.07331858215174,-149.42650802763603,-1794.8830662663572,-0.19187446625772872,0.681649390427428,0.09692822118928882,0.6993877448635398
108,9.508206303425776,-62.64044369783113,-149.36688560561686,-1795.0523559375017,-0.1925793844233591,0.6813702394539156,0.0972053024704873,0.6994275564011292
109,9.60811740293638,-63.8618623272275,-148.87264774661497,-1794.722578503253,-0.19352293890032696,0.6805872284798858,0.0985764951653725,0.6997375016035365
110,9.708028502446982,-64.91241605472484,-148.55674056696267,-1794.0817942285287,-0.19487228773404452,0.6807841411849258,0.09964607603972674,0.6990196020958838
111,9.857895151712889,-66.20653445043469,-148.39848378319596,-1792.69575866023,-0.19455216211246912,0.6800058600302429,0.10312268083139799,0.6993619944206568
112,9.957806251223492,-67.15830889910713,-148.33087747385605,-1791.8578212099494,-0.19448593864391447,0.6796677095521313,0.10468141641201412,0.6994775373948258
113,10.057717350734094,-67.86915693354136,-148.13196174301103,-1791.214968301601,-0.19513805764345832,0.6790467834404957,0.1059257667010772,0.6997116093842118
114,10.207584,-67.79237447272955,-148.12947140390855,-1790.3870829936898,-0.19470946800778474,0.6785307767700223,0.10618181283654235,0.7002925322083202
