,Time,x,y,z,Rx,Ry,Rz
0,0.01668971308724832,-135.95324818320205,-216.9483860047012,-1724.2980931764118,0.8926840704345813,0.7107340100805146,1.3412311539880264
1,0.06675885234899329,-122.97447840884013,-211.98377706836823,-1731.6657788364992,0.9735172821942636,0.7430077630805474,1.3914804392420883
2,0.11682799161073827,-109.99570863447819,-207.01916813203525,-1739.0334644965865,1.0543504939539459,0.7752815160805802,1.4417297244961502
3,0.2169662701342282,-77.64326873051237,-195.97650812975024,-1768.0225875725723,1.2292722351534475,0.8228765219374526,1.518655526974719
4,0.3171045486577182,-42.774887451022494,-186.67428603914976,-1812.963820095963,1.40537965377013,0.8446906644757525,1.5744416894029574
5,0.36717368791946314,-25.119454592209962,-180.80208728460778,-1837.6710654809713,1.4932684842139252,0.864765154211446,1.5901523018502823
6,0.4673119664429531,6.029684891348268,-165.9837024714185,-1884.721480407895,1.6379881490077361,0.9092420263502627,1.5989575838592547
7,0.567450244966443,29.452880348791552,-147.87404386517676,-1927.7932744675159,1.7386724162566476,0.9486165066927674,1.5893635847384915
8,0.617519384228188,41.26253030282736,-137.78743006059346,-1948.5781308738235,1.7886405488819506,0.9708081248801788,1.5781982429819068
9,0.717657662751678,57.85812721517702,-120.10927192071651,-1982.5740734652925,1.8482011652122396,0.9977098427471549,1.5613765882027144
10,0.817795941275168,71.73637390026815,-103.48050385181092,-2007.3138503857178,1.8982865754059737,1.0396081966742492,1.5554021542195358
11,0.8678650805369128,75.66285721036236,-96.28137715381,-2015.6905887965074,1.9123450252329783,1.051065013173985,1.5619432504609976
12,0.9680033590604028,78.86457173390376,-84.13007863155504,-2028.5654418210297,1.923819769082842,1.0599611261218365,1.5742329963000863
13,1.0681416375838926,80.85782736816124,-73.59328542807604,-2034.0431481025378,1.918886554452733,1.073456853327884,1.576487310033454
14,1.1182107768456377,81.28964011918008,-68.58939439343833,-2033.9905114015542,1.9113532639734003,1.0818310736556942,1.5758379225683505
15,1.2183490553691276,84.72708302944295,-58.611951504261555,-2035.5288592574632,1.9186924602779452,1.0973040604170643,1.5736896312049327
16,1.3184873338926175,85.62057882391115,-50.535775381397016,-2033.9636845304092,1.9095507568649972,1.1030710716117849,1.571201761322311
17,1.3685564731543625,85.19670856959027,-46.237614013918716,-2032.3845122701134,1.9046750715612961,1.1053198618079305,1.5731183764493224
18,1.4686947516778526,84.82302204047849,-36.8568376016464,-2030.899947236804,1.905372210877664,1.1022392258713811,1.5799708406993127
19,1.5688330302013425,84.03474304455112,-29.12978915287616,-2031.3429380632301,1.896737183129222,1.0817205783277646,1.5829261463368625
20,1.6189021694630872,83.90635164225662,-25.360075497977068,-2031.316019239776,1.890844188673246,1.0738520004517393,1.5846302939484238
21,1.7190404479865773,85.45160801952098,-16.647788787600582,-2030.9427613825626,1.8880083743198937,1.0766437911868316,1.5838006406899185
22,1.8191787265100674,87.85996323669316,-8.336372203941925,-2029.8618138165803,1.8871670991878993,1.0783164423343947,1.582071543656487
23,1.8692478657718123,88.98063778532222,-4.341856141339343,-2029.2722946657684,1.884372229224754,1.0792767133290093,1.578675673886506
24,1.969386144295302,91.49743414309263,2.4915042292880347,-2029.4184783363933,1.8899423481445377,1.082015436205866,1.581462254818685
25,2.0695244228187923,92.17065552229627,5.216238618613186,-2027.483552494087,1.8880308595584712,1.0768283264322918,1.583697785262154
26,2.1195935620805373,93.8715327961289,5.982771978351023,-2027.6726364698354,1.8918548961076282,1.0756169748944109,1.5787494303455003
27,2.219731840604027,95.54754805876196,6.7323910278501415,-2027.9569281724166,1.894535604416986,1.0707399738727166,1.5746848124334263
28,2.319870119127517,96.1357623624113,7.204029298163531,-2027.9871804065683,1.8963358063916578,1.0684924995477956,1.5784201796164916
29,2.369939258389262,96.53472437512534,7.3189539136621065,-2027.7355133453275,1.8963534227341792,1.0689884890099584,1.5771944281472776
30,2.470077536912752,96.80624217358826,7.258370699666473,-2027.869227281721,1.8982558782159704,1.0712332325448237,1.5776949944923349
31,2.570215815436242,96.69970260110952,6.5831921025309335,-2027.2942426528032,1.8935567655073824,1.0736746079026154,1.577148047310504
32,2.6202849546979867,96.9556474777957,6.808154811763689,-2027.616405937841,1.894840075557628,1.0763739428651058,1.5769031934160869
33,2.720423233221477,97.35090687566418,7.35424575472924,-2027.7564940689074,1.8956431815757346,1.0791399551847378,1.5760458052426765
34,2.820561511744967,99.17910230709165,8.685682372419263,-2025.4192124990554,1.895107256380558,1.0949308321240312,1.5688612827636192
35,2.870630651006712,100.76520823440688,8.759397401462133,-2024.8285493558571,1.8942400075546804,1.0981511908037518,1.559071078910434
36,2.9707689295302018,103.0009988038166,9.766284760599726,-2022.8161109782338,1.891713342298866,1.104659795757834,1.5521164798037694
37,3.0709072080536917,104.33188474396783,12.970112326722461,-2019.0699315716022,1.8843470002798997,1.1201413928614399,1.5500519557562027
38,3.1209763473154366,106.06768602890696,14.765194919707524,-2018.4341725595282,1.883704536268232,1.1250811472530333,1.5400470744687944
39,3.2211146258389265,107.50966475484438,19.988878241150218,-2015.2719639138638,1.8797477874816553,1.1409245664099894,1.5375589839491186
40,3.3212529043624164,108.42429031500018,24.032066541374267,-2013.0977713137413,1.8733145118674377,1.152440966406538,1.5343566465180976
41,3.3713220436241613,108.98097587542975,25.91046842847053,-2010.90635007696,1.869776464456662,1.16049158331944,1.5314316426175845
42,3.471460322147651,109.10637104152369,28.769668155310473,-2007.9776682525865,1.8612307434819537,1.1693941254803444,1.5290830988052182
43,3.571598600671141,109.40194225328878,32.27791712731494,-2005.6003014470896,1.8565111305869393,1.1771664762232905,1.52785605236087
44,3.621667739932886,108.59099744405694,34.78104493198628,-2002.56166828367,1.8466366684785827,1.1896225857822664,1.527028944418461
45,3.721806018456376,109.14411220737752,38.582054725865554,-2002.992235847989,1.847974698340808,1.1913594310042122,1.5234752537036675
46,3.821944296979866,107.9726831539428,41.57749015351943,-2002.315383893589,1.8361307340153143,1.1961447964563194,1.5232407638568186
47,3.872013436241611,107.32011186710122,42.390968809065846,-2001.702888706216,1.8307824219776436,1.1974997711073427,1.5219108372143524
48,3.9721517147651006,106.96135495801994,44.218752203364474,-2002.6019508847842,1.8293804945175007,1.1926262243723604,1.5237623683143384
49,4.072289993288591,106.06019733345792,46.142183826301,-2002.65606096687,1.822496692574311,1.1940665185574086,1.520389473566755
50,4.1223591325503355,105.71989444307016,46.44066239974447,-2003.8825095076002,1.8227054524447475,1.18429011238628,1.5223281758153537
51,4.222497411073826,105.73993576670296,48.22986626744777,-2004.2543419121996,1.8216677461700355,1.1886460679340642,1.5239840372588616
52,4.322635689597316,107.27183973254448,49.73239007035107,-2004.5763058634557,1.8282708575125013,1.1939220510663033,1.524324416322637
53,4.37270482885906,106.68399373047968,49.835454334345805,-2005.094428130639,1.827885550797296,1.189390308504292,1.527786222074639
54,4.472843107382551,107.65767863487781,50.51998745470861,-2005.1820674168293,1.830556091321292,1.192469574286416,1.5329770870807595
55,4.572981385906041,108.01580726654687,51.39950264227648,-2006.3091254565302,1.8341449957173608,1.1944246205154543,1.539032241744523
56,4.623050525167786,108.63859962170216,51.96707913600128,-2007.0618776042343,1.8372134364944965,1.1954322901450603,1.5409134115571226
57,4.723188803691276,108.94360853162118,52.379896171247395,-2008.1375424972555,1.8405402103845578,1.192899647091178,1.5468704785577563
58,4.823327082214766,109.80748263760336,52.8369515674388,-2009.123337524896,1.8447946097248025,1.1942164447050083,1.5494103014671556
59,4.8733962214765105,109.84137819718383,53.07619476063728,-2009.2825901600552,1.8455950968782007,1.1946556709810574,1.551429854292658
60,4.9735345,109.89620420988318,53.26415423174428,-2009.1255836164353,1.8451874484848403,1.1935889681675484,1.5530773835040979
61,5.073672778523491,109.72020364486954,53.0014848118488,-2009.0060578971318,1.844998792077699,1.1902650296762884,1.5560849852043306
62,5.123741917785235,109.66284124573093,53.01084287481091,-2009.03594985833,1.8453885981748932,1.1899642678710698,1.5578486076238776
63,5.223880196308726,109.23501645614228,53.014823344756216,-2008.478322924216,1.8423372490882497,1.1885122613737231,1.562305280310922
64,5.324018474832215,107.5598177376136,52.84359973527253,-2007.1149486716488,1.833778999113285,1.183033563481097,1.5757026340663083
65,5.374087614093961,107.233301350645,52.79141439650588,-2006.6264870777916,1.8323199605975558,1.1828579000096588,1.5801784345184602
66,5.47422589261745,106.62341617852664,52.51230238202234,-2005.789913568911,1.8311534039718602,1.183057232160345,1.587639690853895
67,5.574364171140941,105.33501873344605,51.532856063373586,-2004.6032917476964,1.8304445640922387,1.1803019939126649,1.5970012749188
68,5.624433310402685,104.67069200291468,50.7910870654675,-2003.9747428863436,1.8297208124489595,1.1792795051939988,1.5999279234471735
69,5.7245715889261755,104.96902033597992,49.900675176308184,-2002.4835982770794,1.8309299839447866,1.182710563294363,1.604643437042192
70,5.8247098674496645,106.97654778941596,49.632460358557275,-2001.1277101496712,1.834710603250063,1.193297339444683,1.6032673377473212
71,5.87477900671141,107.32416734386544,49.35644621321987,-2000.8181146934592,1.8357255283680378,1.1966310303571774,1.6029046705030126
72,5.974917285234899,106.12355377631735,47.549622098357766,-2000.0728407664194,1.8326783131813962,1.1913723606132118,1.6093507904846267
73,6.07505556375839,106.16464967268601,46.431532885817845,-2000.177674006278,1.8369100626980137,1.194904392874546,1.6129184219298092
74,6.125124703020134,105.91457024162804,45.85127202556908,-1999.5859795252359,1.83550456752952,1.196989835527372,1.6142664508619995
75,6.225262981543625,104.9099783891889,44.37601496633561,-1999.1189213612763,1.8389249869281121,1.1998203085272852,1.6219092961291388
76,6.325401260067115,103.9731015975102,40.278282213202345,-1997.6208031595384,1.84311662120725,1.201845960984126,1.6255020289775672
77,6.37547039932886,103.98880639923296,36.792906066641066,-1995.4338254227716,1.846786354643197,1.2088373203723515,1.624332684193674
78,6.475608677852349,103.097347723935,25.8277586623812,-1985.6849806791147,1.8548537928344513,1.2329171016219278,1.6293453168029377
79,6.5757469563758395,98.30926171298628,8.139089842858244,-1966.1365073044808,1.8443581740711774,1.2550591995445457,1.6394279092075539
80,6.625816095637584,96.33567332630828,-1.9387776328890176,-1953.706614547743,1.839326817352734,1.269750022435091,1.6444478030351228
81,6.725954374161074,94.08790738723357,-24.19311577624781,-1925.2697040841372,1.8280539690726367,1.3072034737440132,1.642330007953848
82,6.826092652684565,91.07173182919938,-44.93860219719994,-1892.1670847711912,1.798560375978162,1.3492232574297047,1.6334394782099577
83,6.876161791946309,89.61053672453804,-54.0059215831545,-1874.1475364843022,1.7773321971284646,1.379331944186382,1.6227188064166722
84,6.9763000704698,86.18791953999602,-71.5686224609162,-1834.9152121754703,1.7260006344195045,1.4417428616753725,1.598012763209454
85,7.076438348993289,83.50929822405448,-87.71120656945374,-1792.3483089089825,1.6661879098898629,1.510199160923813,1.5703676590791054
86,7.126507488255035,83.16820176569458,-94.81484002329533,-1771.4535863198523,1.6386377626859392,1.5480662170760127,1.552944301498818
87,7.226645766778524,83.00152180246582,-105.77178453252327,-1731.262019157752,1.5940442010821705,1.606192641848548,1.5240235164442761
88,7.3267840453020145,80.8582634948011,-111.41049809838728,-1690.3820258701458,1.553875227216668,1.6405964747338686,1.5071397371676647
89,7.376853184563759,79.07443100714502,-111.48418190860241,-1669.505674040605,1.5358145186270933,1.64945299467797,1.5052279494933054
90,7.476991463087249,75.90696974493281,-104.93356214672909,-1629.6271356257896,1.5107627724315995,1.6648534273875,1.5039015129623008
91,7.577129741610738,71.17814291564058,-90.32859134999973,-1592.0261272575842,1.4865582481453712,1.6601888399842557,1.5195640425811476
92,7.627198880872484,68.39998954177938,-80.41505198970017,-1575.725148274332,1.4768850738929216,1.647203948798294,1.529123027154233
93,7.727337159395973,63.53416713744542,-56.53722394027429,-1549.8064646088824,1.4588206057169426,1.6148651921033126,1.5478515918806481
94,7.827475437919464,62.55423643399453,-30.229781067703527,-1534.1696403472856,1.456095419001944,1.5845078761960774,1.5623296567135694
95,7.877544577181208,62.598398594935574,-17.33263654021352,-1529.5532035800413,1.4545731047126547,1.5692286102076713,1.567379331937222
96,7.977682855704699,64.67518758150413,5.10798863843155,-1525.7551395898904,1.4584243142718882,1.535387910692842,1.5658389185850263
97,8.07782113422819,65.5550831326536,22.20794025385495,-1525.380455804616,1.4518584588999541,1.4931199657219965,1.5594071581988673
98,8.127890273489934,65.59099584793893,28.881720515254706,-1526.1441474564595,1.4483636221133174,1.4709573849182829,1.555891899529089
99,8.228028552013424,66.67115916301753,38.94355288608278,-1528.1673242504037,1.4389464931330032,1.4381350184284363,1.5356746483506474
100,8.328166830536913,64.07189759605515,44.40253843200628,-1528.1462538431815,1.413120942319299,1.408933835763475,1.5109531136160188
101,8.378235969798657,61.46904782271612,46.17249944582497,-1527.428313366,1.396244344960023,1.3959994126933595,1.5009126419163665
102,8.47837424832215,57.46005458219054,49.68846680967515,-1526.228464889137,1.365139171261556,1.377114764101226,1.4829622590166667
103,8.578512526845639,55.23761467311306,52.91809834638062,-1526.2702080585605,1.335008061028832,1.3634884545384023,1.4596534460421635
104,8.628581666107383,52.9987811084886,53.65372695117604,-1526.362058764517,1.3154631719994623,1.3517437141458137,1.4484050966991449
105,8.728719944630873,45.19146991993982,55.61214080873759,-1526.4631721411645,1.2783364721427295,1.3370378135975685,1.4480236648609401
106,8.828858223154363,30.475933628233648,55.74769101395917,-1527.4331827680064,1.2160900631465785,1.296331013526135,1.4329767567705596
107,8.878927362416109,23.77995632995922,55.747097799159334,-1528.678521904198,1.1893999160574074,1.277601527778052,1.4264309274014741
108,8.979065640939599,15.676958474903927,55.80595442786874,-1531.3429229524413,1.1659135582359585,1.2490809507464227,1.430805520482524
109,9.079203919463088,6.1697847478617405,56.12155252899071,-1534.4966965042545,1.1301255284736944,1.2217011004832423,1.4198792272779823
110,9.129273058724833,2.0656130392920318,56.40558859185725,-1535.6013246310617,1.1129877208240888,1.2088463814170247,1.4151454472815388
111,9.229411337248322,-2.0964774869378004,57.35399890689658,-1537.4523005106394,1.0961336541026963,1.1940902165909126,1.4069079213698605
112,9.329549615771812,-7.685200889335846,57.79085936574684,-1538.879655913153,1.067751171120419,1.1703535751220249,1.391904083191504
113,9.379618755033558,-10.649503270821612,57.55309687322503,-1539.448467732473,1.0542076988325362,1.156512424791979,1.3843474080046296
114,9.479757033557048,-16.585135430957877,57.15283317573815,-1540.1144471798134,1.0273901890095682,1.12880885982193,1.372148802457689
115,9.579895312080538,-22.409586280691116,57.09094891318945,-1540.7357750396106,1.002256501318759,1.1033141088290968,1.3601483526867528
116,9.629964451342282,-25.527402966871563,57.17784596772236,-1541.2034626199215,0.9880360414484165,1.090578786013579,1.353959597226426
117,9.730102729865772,-30.33364692649539,57.476734395067524,-1542.5933391890678,0.965763109717896,1.0687237533933316,1.344377748036407
118,9.830241008389264,-34.104325303448576,57.99324718980874,-1544.0795058991262,0.945806852515794,1.051425686339946,1.33529285646417
119,9.880310147651008,-35.72524542269909,58.40868546449843,-1544.8064052921318,0.9367767818499037,1.0447231302158095,1.3313032421726567
120,9.980448426174497,-37.917660417558125,59.03467105812432,-1546.5292107166567,0.9235709600783941,1.033174883201423,1.324177738632628
121,10.080586704697987,-40.06804078991385,59.00866701574567,-1548.0820936335206,0.9115129037781544,1.0224190593260594,1.3207208724205783
122,10.130655843959733,-41.56147360106547,59.023248947498786,-1549.2099225802162,0.9041346169921126,1.0159049300737695,1.3173336927986372
123,10.230794122483223,-43.314473856017315,59.60261850006345,-1550.6539557233457,0.8940820757320375,1.0076290908583507,1.3106462158028738
124,10.330932401006711,-46.4812445104986,60.110262116047664,-1552.377591718688,0.8812052078204556,1.000255589468235,1.305852307008044
125,10.381001540268457,-49.36776483119327,60.04965222868631,-1553.4449798776589,0.8709764082679152,0.9916764745401465,1.3047485246203836
126,10.481139818791947,-53.65222856997268,60.17344325311462,-1555.1136063044573,0.8571070147790113,0.9811309271622353,1.3037687858582268
127,10.581278097315439,-55.96477105283181,60.06756755433239,-1556.5979641786955,0.8499002201109385,0.9751199059804024,1.3021497965199562
128,10.63134723657718,-57.025123206767944,60.079184163168705,-1557.6320449679392,0.8443244366522457,0.9702299196104212,1.2988933599289438
129,10.731485515100673,-58.2303265952316,60.02024937567174,-1559.3135542580787,0.8378716282717242,0.961288361175466,1.2938385137858732
130,10.831623793624162,-60.48312833063915,59.88936209768828,-1561.0782167314005,0.8266211817097355,0.9516197953573194,1.2868099970267692
131,10.881692932885908,-61.85016699052197,59.8542587790342,-1562.118792553953,0.8197707947788321,0.9444162515152977,1.2823337821339158
132,10.981831211409396,-64.33796098059905,59.4259086159875,-1563.9066375994557,0.8106333593074253,0.9339865355192314,1.2806472068723045
133,11.081969489932886,-68.14869795732932,59.08558089651848,-1565.937536132354,0.7983026178951603,0.9240513365322802,1.2799458515220423
134,11.132038629194632,-70.37419001666944,59.041949185772864,-1567.3171321045784,0.7914948722826928,0.9186490218509867,1.2788777447369153
135,11.232176907718122,-74.09846626698433,58.989805842889126,-1569.5691159626451,0.7792748429701695,0.9093968791920743,1.2772341930763256
136,11.332315186241614,-77.04081348566434,58.78868459996383,-1572.408680536636,0.7693263541252545,0.9001000321771462,1.2748104742345279
137,11.382384325503356,-78.6017754004847,58.636192787578516,-1573.882195789724,0.7640668336333765,0.8934264304190799,1.2746583330888657
138,11.482522604026848,-82.30763468826908,58.41854723333057,-1577.663659606896,0.7509141772583491,0.8763936414934054,1.2716795767740485
139,11.582660882550337,-85.26729614595918,58.961567105790806,-1580.9414516476932,0.7402240048667543,0.8651077467899364,1.267877038820775
140,11.63273002181208,-87.01973106056101,59.297022779755714,-1582.5384320732683,0.7342889675050566,0.8587745167727853,1.2657546428069135
141,11.732868300335571,-90.954541114853,60.187290657050355,-1585.668193560891,0.7191788233194226,0.8464108289706249,1.2594002471140546
142,11.833006578859061,-94.07896589519625,60.447917481018685,-1588.0263459695766,0.7082963446056352,0.8349996812725552,1.256350142724888
143,11.883075718120807,-95.5649619903707,60.86751200892702,-1589.5099506040463,0.7002028176460608,0.8300689997864198,1.2512123947539315
144,11.983213996644297,-98.57076779934792,61.38851236871641,-1591.9075595307024,0.6867212084225974,0.8190244541525922,1.2452530001123816
145,12.083352275167785,-101.42687323468985,61.32527733450867,-1594.2013930584171,0.6753924702262377,0.8079392073589877,1.2417830485560184
146,12.133421414429531,-102.95267459633754,61.18586042662767,-1595.6957304038629,0.6685771402631097,0.8010454677198164,1.23964559979814
147,12.23355969295302,-106.27905850778733,61.03335399611524,-1598.6178257550343,0.653188705742054,0.7870862368010123,1.2341925735734933
148,12.333697971476512,-110.32251435223677,60.99797444941388,-1602.2521377337912,0.63578196808697,0.7705231258154894,1.229169738110291
149,12.383767110738255,-112.48048707823759,60.49916167567028,-1604.1847603105398,0.6289224602694317,0.758112723951506,1.229111996626252
150,12.483905389261746,-116.6655521335639,59.86437857858447,-1608.9073321009878,0.6120792055134101,0.7397078120435691,1.2272447548265928
151,12.584043667785236,-120.80953133337611,59.22850153417525,-1613.6801636914597,0.5979287631443917,0.7215401817321442,1.2289906882899755
152,12.634112807046982,-122.48478808855566,59.24731994896676,-1615.5271554961948,0.5920123781399415,0.7162191474926793,1.2292744709818193
153,12.73425108557047,-124.6170697659629,60.0076328268643,-1618.7888721308866,0.583664004718931,0.7082263047408842,1.2253924757135437
154,12.83438936409396,-126.39866674821292,60.78764056926569,-1621.8951828940267,0.5754832315183281,0.6995488891188755,1.2194705643781032
155,12.884458503355706,-127.27330807504178,61.062853092379044,-1623.3798939523485,0.570708872011038,0.6944925711859967,1.2167221888727155
156,12.984596781879196,-129.56303957960867,61.182464540254614,-1626.239493624676,0.5612955054521812,0.6864360580277912,1.2148159392640336
157,13.084735060402688,-132.6982096019265,60.88709631706078,-1628.8466284302394,0.5526062110946038,0.676305387969174,1.2164443331425254
158,13.13480419966443,-133.7049420733206,61.082568970045,-1630.0499472223844,0.5492323599735816,0.6745575619788022,1.215306955308928
159,13.234942478187921,-135.14258613490833,61.13316220593431,-1631.2783247119396,0.5449420474832805,0.6729354300856994,1.2165375988165057
160,13.335080756711411,-135.98178628956603,60.616024567298936,-1632.351540770934,0.5414764245583785,0.668014188702588,1.2175421887968487
161,13.385149895973154,-135.8508378060124,60.27475926345424,-1632.5718093764056,0.5417187627983862,0.6667523302987194,1.2177848038649322
162,13.485288174496645,-135.46327396301479,59.85751726957087,-1632.5302146360432,0.5431839569073658,0.6674483987499735,1.2181849793160988
163,13.585426453020135,-135.51354913175777,59.76694824923329,-1632.7544303164193,0.5447651829559207,0.6680639305264547,1.2191295041629768
164,13.635495592281881,-135.6414175725046,59.65425553361263,-1633.0729822270953,0.5449628120666603,0.6676035614891526,1.220189344041008
165,13.735633870805371,-135.60767179567506,59.52818802493273,-1633.8066761385637,0.5454778513849203,0.6673358414328521,1.2209395410617774
166,13.835772149328859,-134.79669068605477,59.59844684889623,-1634.183644019749,0.5499557611279906,0.6698689703699577,1.2231132091757864
167,13.885841288590605,-134.39623223081287,59.64149888174092,-1634.1456529877903,0.5518001075942627,0.6705671460896723,1.22339971875639
168,13.985979567114095,-132.76574904745817,59.73346721641428,-1633.1195550049194,0.5595127730542654,0.6761023437610771,1.227183251802934
169,14.086117845637586,-129.4595736359803,60.64869464253899,-1630.7991992459251,0.5714177539869114,0.6863378309733047,1.226829200115496
170,14.136186984899329,-127.47033153635967,60.8355233381976,-1628.963464915241,0.5801697859206378,0.6933763729283324,1.2294554477866466
171,14.23632526342282,-122.10946136514546,61.48283770234984,-1624.6520329463383,0.6023143037201308,0.7102990283659901,1.230858766276222
172,14.33646354194631,-118.79233427192351,61.83663444705432,-1620.6672487059127,0.6175676826026595,0.724796727965405,1.2360474586143961
173,14.386532681208056,-115.73580619563135,61.404451118078256,-1617.3557625099736,0.6392293068225046,0.7377489559708982,1.248721950697788
174,14.486670959731544,-107.11167910408726,62.41136185383267,-1609.259958494115,0.687476614485176,0.7732580107305063,1.2692097729669134
175,14.586809238255034,-93.78330350958356,64.9117223220377,-1597.9793401988495,0.7479066490497615,0.8293712359227339,1.283633039336481
176,14.63687837751678,-84.38155791113633,66.38747621827251,-1590.7189016259451,0.7867681168656151,0.8674498555915006,1.2936402947761225
177,14.73701665604027,-60.97180590671232,69.33326898118997,-1576.4911471532237,0.8811544266898953,0.9467679945832707,1.317542622330164
178,14.837154934563761,-35.06186499297982,72.2970906552591,-1562.6217420284852,0.9809914502888175,1.038115661298776,1.3480933642483144
179,14.887224073825504,-20.27061550619456,73.84700218079874,-1554.695770089865,1.0378815312346077,1.097706586709361,1.365800405058704
180,14.987362352348995,10.051394134836386,76.79894745530916,-1537.1623766219154,1.1433109413398763,1.2264459480505223,1.3882312875920453
181,15.087500630872485,38.726828141169435,79.09914132338383,-1518.949574322815,1.239460504844948,1.3532080219443325,1.4177480948713168
182,15.137569770134231,53.7131502095188,80.732556170856,-1511.2379547425057,1.287822345725287,1.4228041971795415,1.4283185330443187
183,15.23770804865772,78.4626932312739,81.91709170182767,-1497.4138696543166,1.3542283483600925,1.532357516972523,1.429381034792351
184,15.337846327181209,95.3172868561101,82.06634019330778,-1484.2833574229694,1.3968028995613708,1.6111702778180372,1.4438240579539794
185,15.387915466442955,99.92413078028164,81.94016888772023,-1478.2571049601086,1.4047126875494318,1.6268191518018407,1.4528085558514467
186,15.488053744966445,111.17334868174694,83.48388754662646,-1471.682650189932,1.4397751632852656,1.654436096087122,1.4679431253044377
187,15.588192023489933,121.8784714791484,84.6739629218734,-1468.1953904715401,1.4700125633051266,1.6793329479656858,1.4739817410924747
188,15.638261162751679,125.79297414222033,85.02084868335965,-1466.5042450470191,1.4816227667592081,1.6930224218476464,1.4756202143474848
189,15.738399441275169,131.04797237211136,85.2418273873466,-1464.787147083997,1.4979425139706466,1.708479929253162,1.4804674972917948
190,15.83853771979866,131.11179603879205,85.84172846847152,-1463.8314803179119,1.5016289372894203,1.693480804388816,1.490739758918729
191,15.888606859060403,132.36900281656085,86.55246066131008,-1463.6657142823412,1.5087429390069318,1.6987106501316964,1.4878585992955895
192,15.988745137583894,134.00659105165784,86.8554288817324,-1462.5325032108713,1.5157126858657919,1.6939699601813545,1.4926737465215987
193,16.088883416107382,135.10593928876352,86.98382526416998,-1462.2461083337519,1.520128148537717,1.6887115721223531,1.5020926401802708
194,16.13895255536913,136.7291148004773,87.73797548601084,-1463.3576807981551,1.5281165463332032,1.6867815352860016,1.502228904216423
195,16.239090833892618,136.27591242791416,88.73656287081424,-1462.8581969742895,1.5309266679149351,1.677276954050246,1.5105319925391034
196,16.33922911241611,136.46296318146463,89.11827643212663,-1463.2640047270563,1.5353883399528574,1.6756554355630668,1.508405357767745
197,16.389298251677854,135.8887773752871,89.02946333213609,-1463.2774108833546,1.53431857026253,1.67406289164973,1.5101550334320897
198,16.489436530201342,136.79821568985764,88.52508771950305,-1463.0913300569357,1.5383827454413166,1.6731356708124867,1.5067971239391917
199,16.589574808724834,137.13428669246161,87.58052443125648,-1461.917352912197,1.542923885962288,1.6719731903516715,1.4990000794940253
200,16.639643947986578,136.13131772601778,86.84761928692646,-1460.9247609409554,1.5392117718493226,1.6648576513760305,1.4949549645879885
201,16.73978222651007,135.09902344607497,86.32777278385794,-1459.960356715775,1.5387255334844951,1.662680786076502,1.4913245723548458
202,16.839920505033557,135.23440722113276,86.6160938471979,-1459.3097809654705,1.54236314040554,1.6631179566303451,1.4882268306596744
203,16.889989644295305,135.37744355334235,86.66103629473191,-1459.4963688924342,1.5439203610869563,1.6635841187388978,1.4850242907187663
204,16.990127922818793,133.87033535568855,85.95172644493172,-1460.1075569068744,1.542459359438581,1.6499301237679929,1.4874590309869293
205,17.09026620134228,133.16394535980243,86.37900745958407,-1460.5345230038624,1.5483453908569897,1.6491975256530058,1.4966374061724903
206,17.14033534060403,131.74029712805137,86.68294639000312,-1460.1566220469183,1.5475192107499203,1.6492085603554545,1.4980191243497953
207,17.240473619127517,129.4086964814907,87.55443304987301,-1458.3589254611818,1.5487196748822372,1.6544215124277657,1.5009378895988736
208,17.34061189765101,127.68974825303656,86.87674721805995,-1458.7730211815049,1.5535554303125445,1.644938398368134,1.5062080229629993
209,17.390681036912753,126.27281007149396,85.95062375135494,-1459.2156184314638,1.5505455590593609,1.6319665134952677,1.5076540883444172
210,17.49081931543624,123.54902534382954,85.03426150094442,-1460.9000821959526,1.5512370224181393,1.6126421458488605,1.5191122886390906
211,17.590957593959732,120.40409112256091,84.9044220212127,-1462.8255521266753,1.558637342441704,1.5983384171135653,1.5321673509218254
212,17.641026733221477,117.03099040416674,84.08537584309909,-1462.5518889940047,1.5526918176522955,1.5811262847639673,1.5420149569039343
213,17.741165011744968,113.96569616963527,82.26156101166521,-1464.4725094894818,1.5600167758036632,1.5556912246647505,1.5520243613431044
214,17.841303290268456,111.99924078071464,79.87633192668957,-1465.0669507075281,1.561388527988425,1.5367144717822985,1.559376051132238
215,17.891372429530204,112.1910014517999,78.88915227800888,-1465.8980860882934,1.5666671767834857,1.5293236687952625,1.5625915904256196
216,17.991510708053692,111.2740325365302,76.26988036619349,-1466.1217336352704,1.568394157353748,1.5107631431926605,1.5664823094747398
217,18.091648986577184,111.20705007587293,74.6367512571322,-1466.8585562905046,1.572625226531897,1.4972049437223867,1.5700027812721327
218,18.141718125838928,110.99155121214724,73.93927354256893,-1467.3424343189658,1.5739611028204301,1.4898972664374068,1.5710831113359045
219,18.241856404362416,110.89211353384712,72.83021831658718,-1467.6252062104745,1.574366522214754,1.4851450148522758,1.5694496615318816
220,18.341994682885908,110.89974678141637,72.5785479394559,-1467.3315495451936,1.5737925574347302,1.4854240673704764,1.5681253369594008
221,18.39206382214765,110.50558576593704,72.17878843793065,-1467.0506948755615,1.571801963964964,1.482688650609218,1.567934187960619
222,18.492202100671143,109.95405596864376,71.28941423316124,-1466.725303609575,1.5691842256172377,1.4767400461800213,1.5661422909074607
223,18.59234037919463,110.00611291772975,70.78950105564726,-1466.359224434722,1.5679896215961169,1.4773905754543237,1.5635528000884356
224,18.64240951845638,110.09041487627923,70.84859897349945,-1466.2069461810245,1.56825302229264,1.4781302609505933,1.564274096270999
225,18.742547796979867,109.9311243440867,70.89669085183732,-1466.2033197624562,1.566051704531576,1.4793190013306083,1.5621713581963979
226,18.842686075503355,109.5367332428322,70.88971873185781,-1466.513104199477,1.565295614253251,1.4789019932574348,1.5612029962846445
227,18.892755214765103,109.3849759166028,70.76716034476763,-1466.399205588765,1.5638201664399036,1.4784959363019012,1.5609199978055184
228,18.99289349328859,109.16877627548709,70.76257185417735,-1466.4866928456813,1.5631815546756775,1.4777625240168415,1.5614480177985168
229,19.093031771812083,109.02816185906784,70.18386646361127,-1466.6055612267746,1.5638884475340074,1.475683360288022,1.5586342837599378
230,19.143100911073827,108.78263661066717,69.5038484568127,-1467.0345405149972,1.5640456978013428,1.4752947183374783,1.5558296559829827
231,19.243239189597315,108.38359426362709,66.39242040816744,-1467.6149823086932,1.56723599140341,1.4654132066772967,1.556696202396781
232,19.343377468120806,107.83945169560394,62.55914480121993,-1467.9126090371992,1.5706279703997637,1.4520588379915071,1.5616118918649609
233,19.39344660738255,107.25547593132444,60.62904468454498,-1467.3914104560558,1.5680970370941174,1.443665529144878,1.5611815846420787
234,19.493584885906042,107.72256114447487,58.60648583682325,-1466.3566911104772,1.5691511214658014,1.4432421724876268,1.5553282816051606
235,19.59372316442953,107.66244983302994,57.03384734527602,-1465.3806732568346,1.56634955525484,1.443246310190519,1.5488852862257576
236,19.643792303691278,107.24947336442786,56.53526469306003,-1465.5260391761065,1.56546261113848,1.4398946914944732,1.5477402748076912
237,19.743930582214766,105.69455799868712,56.822889542459244,-1465.9450026432255,1.560745664837991,1.430970275617733,1.5524738438833432
238,19.844068860738258,105.80173616703883,58.28792742150887,-1466.3885726944438,1.5627996116806986,1.4386567668445887,1.5555492446083525
239,19.894138,106.00750436217146,58.25709077592505,-1466.2743750072289,1.5617545410748064,1.4399811266414388,1.5537363969704527
