,Time,x,y,z,Rx,Ry,Rz
0,0.01667366763425254,-132.61891788033148,-277.2140657217217,-1701.8267077870182,0.8255724535587877,0.5243384790922226,1.2520018367635977
1,0.06669467053701016,-128.06379196521885,-270.3199984173773,-1703.7223515640412,0.8832281089611522,0.5488325565868305,1.2945250338569259
2,0.11671567343976777,-123.50866605010623,-263.4259311130329,-1705.6179953410642,0.9408837643635167,0.5733266340814384,1.337048230950254
3,0.216757679245283,-117.3641250390974,-249.3388470681122,-1713.3543727700412,1.0441654883145157,0.6104874225126982,1.419558731693764
4,0.31679968505079825,-96.23930485393552,-231.85347279320249,-1726.9993925907245,1.22243591087548,0.6690254659501738,1.5025347131542546
5,0.3668206879535558,-85.2862773762906,-222.25784070574124,-1736.7047549470437,1.3009445838291478,0.6914296154976186,1.5285144380863624
6,0.4668626937590711,-61.89050936986439,-203.54053141935472,-1762.2307376606989,1.4538088904218913,0.7228643692633617,1.567223426330233
7,0.5669046995645863,-32.53851307580712,-186.1967723085768,-1800.7616382119509,1.6278578258178358,0.7424017641198892,1.586808311941685
8,0.6169257024673439,-25.49439926183277,-180.23628302770743,-1818.0786434129702,1.671498350215848,0.7322936322703438,1.5990844332931948
9,0.7169677082728592,-15.482143714624016,-166.26792269602873,-1850.1053230046157,1.7347561977128283,0.7296388828171078,1.6296221274641993
10,0.8170097140783744,-8.70260803443395,-152.2683826082731,-1880.0260512638379,1.7686679574188278,0.7256448514356242,1.643479341653854
11,0.867030716981132,-5.558154346714758,-146.01277308756877,-1895.2629393718682,1.7792440858392917,0.7223188128929603,1.640295151351204
12,0.9670727227866472,5.188588155335026,-131.58856280573417,-1929.4210026572005,1.8297957050187705,0.7248942112595642,1.634112975462491
13,1.0671147285921625,4.466531311238697,-117.25879728958296,-1948.126224205899,1.7850535019854044,0.7311168432796682,1.6376223018146625
14,1.11713573149492,1.7944974806129323,-109.08745565230234,-1951.455711058028,1.7389799873481366,0.7452228884821065,1.6377601454512007
15,1.2171777373004353,3.0713360720204435,-93.84453655501001,-1961.7331852547711,1.687435766459032,0.7673503242591885,1.6271396614032423
16,1.3172197431059505,9.757457956748084,-83.53490387978253,-1975.9694542563193,1.670522718297339,0.7699136539474972,1.6111627105410176
17,1.3672407460087082,13.598040667135479,-80.07693656247554,-1983.836122174519,1.6690126866326729,0.7653230461809589,1.60480275295344
18,1.4672827518142233,22.937111516731136,-72.69433221313474,-1998.63031625012,1.681097119861668,0.7641665640620677,1.5961425336141797
19,1.5673247576197387,33.91189640712207,-63.36435541013013,-2012.430410414229,1.7122595233613274,0.7748733963902535,1.5916272360704191
20,1.6173457605224963,38.292153714012045,-58.548464604468506,-2018.3936730734877,1.729730816581032,0.7788080527097546,1.5969353451761732
21,1.7173877663280115,45.05474139777978,-50.36764082382204,-2028.1829181889968,1.7521808541773427,0.783660001100023,1.5992460426199677
22,1.8174297721335266,49.72432348715765,-44.45577188190487,-2033.4342851763722,1.7579146219217001,0.7877172675841451,1.5955337680776946
23,1.8674507750362843,48.91935770833342,-41.9641444928469,-2032.4657166843053,1.7445057766015832,0.7929980881596118,1.5976395763978397
24,1.9674927808417997,48.37447512414536,-36.8204588408147,-2031.020921047559,1.736803981099994,0.8078011543545947,1.611776251672327
25,2.0675347866473146,49.894726891896866,-33.25514643217177,-2030.9425743536387,1.735039925732541,0.8203950611723627,1.6153696805414701
26,2.1175557895500723,50.499108205240404,-30.949200371029562,-2029.4360801368653,1.7343095292512247,0.8335654585607234,1.6182039163185773
27,2.2175977953555877,51.32431828969099,-27.941561332227803,-2026.6160003320633,1.7298052407072009,0.8488561198023045,1.6146166022367805
28,2.317639801161103,53.46979708350284,-24.89236421784534,-2023.8054736949784,1.7277809516141094,0.8613354907286032,1.6122253890634384
29,2.3676608040638603,54.21226005056397,-22.042260495801123,-2021.319579543177,1.7269140678778292,0.8774035059295403,1.6159632714623813
30,2.4677028098693756,57.29328493387429,-18.60134571156213,-2021.0076729961597,1.7365222624329766,0.8869150731074051,1.6094602678665733
31,2.567744815674891,56.31712281635136,-14.512054837656004,-2017.0818096039466,1.7220051281903965,0.9044894763025654,1.6084482029718505
32,2.6177658185776487,53.186605030047744,-12.539783408983576,-2011.6046042300875,1.694180214575506,0.9188744428452033,1.6076967895957666
33,2.717807824383164,52.8683844268904,-10.304755827731864,-2008.0261334416891,1.6775173861557988,0.927601007810951,1.6091546264927552
34,2.817849830188679,50.80636355714506,-8.372668421980961,-2003.6597144931939,1.657961141449131,0.9363984549221601,1.6110254652644649
35,2.8678708330914366,49.78013652627931,-6.849154899755838,-2000.5572624252256,1.6475743280368549,0.941908538963956,1.6137488829496698
36,2.967912838896952,50.592552438677075,-2.5938614844647816,-1997.3452290288362,1.6416352405080594,0.9539869850803974,1.6051143268463604
37,3.067954844702467,48.36412819718318,1.6485682776340802,-1991.0417320406802,1.6211213713523969,0.97067849921064,1.606109857504765
38,3.1179758476052246,47.3304621976429,3.4686525750537847,-1988.5021947302307,1.6077585614072236,0.9809785199389477,1.5996001582572172
39,3.21801785341074,47.5988733483524,8.54678686293627,-1983.795591072384,1.5990098533281378,1.0088483099810124,1.5957581691630203
40,3.3180598592162553,50.09309620209288,12.875355276282122,-1981.6502483346962,1.6005481679296383,1.0360588521628404,1.5921209248298887
41,3.3680808621190126,50.14452760931236,14.247562345940516,-1980.992907111066,1.59486416420258,1.04552553618454,1.591024341949076
42,3.468122867924528,49.98786967071871,16.456909461241533,-1980.6525773950434,1.5880063490242295,1.0566496192826538,1.5907980809432956
43,3.5681648737300433,50.571238256404826,18.72636785928043,-1979.7357798079588,1.5794558143659374,1.0704625240078518,1.5895809945593484
44,3.618185876632801,50.2823497982242,19.775830877326474,-1979.670763472106,1.5742024065111875,1.0755277935718708,1.5896427929061323
45,3.7182278824383164,50.77696957840601,21.8401751502795,-1980.7167147172624,1.5748098844634193,1.0773817820602611,1.5883872301782944
46,3.8182698882438313,52.078070729874355,24.493697477931228,-1981.8605051131074,1.5795044428581801,1.0815619605269686,1.5876419644281716
47,3.868290891146589,53.318000487238535,25.537633556205392,-1983.0543068767233,1.5814517746903445,1.0807136477313644,1.5839895621852202
48,3.9683328969521043,55.000000244737734,28.03611353061491,-1984.6596785382274,1.5866574321431384,1.0821209283468614,1.5837759731385872
49,4.06837490275762,56.39143304703937,30.18478175250263,-1986.4281552771686,1.592818957338487,1.0841933283429523,1.5844322483828164
50,4.1183959056603765,57.89660357667488,30.881526495700964,-1988.1099217615536,1.5980098459792185,1.0827643713610229,1.58013546276117
51,4.218437911465892,59.19838569334112,32.42742812590055,-1989.5661288127283,1.6029859642758635,1.083315844829109,1.576739278217353
52,4.318479917271407,61.67583618948177,33.949788041947606,-1990.8006244906421,1.6134441954258427,1.0846492370829672,1.581454611823268
53,4.368500920174165,63.06889601222224,34.38216815374778,-1991.639360440547,1.6203948990964472,1.0843432180427592,1.5819449609897729
54,4.46854292597968,62.7582956113698,35.43939172185921,-1991.725050577387,1.6188665862445428,1.0867234361959528,1.582264249258334
55,4.568584931785195,62.955089113795395,35.61325658790386,-1992.2868382076113,1.6202662797673657,1.0857386348855103,1.582075791500022
56,4.618605934687953,63.199377798326864,35.70170628689433,-1992.3431541030307,1.6207598209475842,1.086949847287989,1.5825141540524712
57,4.718647940493469,63.29391920232277,35.92144148498011,-1992.4037606193006,1.622067029605888,1.0865331451972886,1.5843020074598537
58,4.818689946298984,64.11900518895561,36.14713224588236,-1992.9752687118373,1.6267534511632435,1.08629145231177,1.5846377624529704
59,4.868710949201741,63.9780920048954,35.93073312040497,-1992.8512934316177,1.6263170593419733,1.0835694239323017,1.5852441818976146
60,4.968752955007257,64.39275730465555,36.09072957860061,-1993.2857266125393,1.6288163263640643,1.0853545774250537,1.5821363820431753
61,5.068794960812772,65.61150773970535,36.16007453279477,-1993.9617465937824,1.6336656044736282,1.0897830509294988,1.5761765686730875
62,5.118815963715529,66.51680360474168,36.06058990147417,-1994.468387636116,1.6374980464496676,1.0913852072267,1.5727606819524673
63,5.218857969521045,67.47213464944508,36.687432905935225,-1995.0982514106372,1.640577497585843,1.0951767052132266,1.569521637638817
64,5.31889997532656,70.36028807347756,38.33657881432599,-1996.1324930754024,1.651851682477274,1.1048753717592765,1.5682713889837443
65,5.368920978229317,70.29471735868603,38.099843080197125,-1996.411762276686,1.653264318230631,1.1005441269094582,1.5653316607898968
66,5.468962984034833,68.67060850154408,37.975721252028734,-1996.6266629521629,1.6522897333339495,1.0891839106495387,1.566970972220334
67,5.569004989840348,68.84362951137571,37.904279115688595,-1995.458953924455,1.6487287385619238,1.0948317513182722,1.5765020206435094
68,5.619025992743105,69.27526930721157,37.972955395932104,-1995.2627684500007,1.6484237956268086,1.1029198048451994,1.5781700983948004
69,5.719067998548621,68.9543616783769,37.49909251748086,-1994.844445587216,1.645441893892926,1.1078972946603334,1.5805770310019371
70,5.819110004354136,68.18714230058106,37.59326646677844,-1994.077883178033,1.6441461261490853,1.114099508792509,1.583127004993807
71,5.869131007256893,67.54045008807172,37.56219044983284,-1993.751414256722,1.6463559540555555,1.1163623777672957,1.5843084217972818
72,5.9691730130624086,64.893721027335,36.21198880810638,-1990.8228654196719,1.643372875016215,1.115705217076712,1.5864684271420508
73,6.069215018867924,62.667740640385475,34.97029464970099,-1985.4499044692238,1.6375583277677392,1.121796419940263,1.5848021238607264
74,6.119236021770682,62.271957593591836,34.16286535944791,-1982.0223783686156,1.6384314995494174,1.1252557483105379,1.5869364876532848
75,6.219278027576197,62.4549581418603,32.61914724738908,-1973.4543138472427,1.6451909561853728,1.1407535445746277,1.5914403835429793
76,6.319320033381713,58.82821670006072,29.444146605663832,-1960.8066572208124,1.6382455903562434,1.1550411565769512,1.5944910073599867
77,6.36934103628447,56.32474143439255,27.620111259401046,-1953.1704081111998,1.6342022036417985,1.1658121081661594,1.5944129643290714
78,6.469383042089985,50.09998468407571,23.18959689867743,-1933.9254840802876,1.626232031843572,1.1882392381172495,1.5996802959302798
79,6.5694250478955,40.77565313193925,17.743372443889232,-1909.4124481135138,1.6110654190311229,1.218362633454642,1.6056361468515625
80,6.619446050798258,34.95504554237223,14.214299417335056,-1895.5374377157086,1.6000530038159888,1.2336739615414078,1.6095361924781062
81,6.719488056603773,24.595067566464138,5.221380460697548,-1866.0297726571264,1.580859697841961,1.2617105885414455,1.6148133961980147
82,6.819530062409289,15.556351064357727,-6.608966383204052,-1834.9962379885865,1.567171256890647,1.284912400872476,1.620786437308949
83,6.869551065312046,11.884337618484153,-13.419634191151701,-1819.0235505428707,1.5596454148596874,1.2945628299173744,1.6203017684989254
84,6.969593071117561,6.837630513989268,-28.005708790159613,-1787.123445379124,1.5548772850332824,1.3128655700709821,1.6216427115518381
85,7.069635076923077,2.4587300432106076,-43.73194825806705,-1754.6449540176166,1.5474741593162529,1.3354055287196465,1.6229926065169393
86,7.119656079825835,0.9632693973830442,-52.09407242174417,-1738.634194482962,1.5437013086405136,1.3480546799091886,1.6208402152134436
87,7.219698085631348,-0.978035911616729,-70.54498851958323,-1707.4476733409128,1.5393634692101437,1.363544523642173,1.6203378700073479
88,7.319740091436864,1.1043833260754354,-90.5519817871868,-1676.832693968055,1.5357166251155525,1.3813548324891225,1.610839145727386
89,7.369761094339622,3.8282968892195868,-100.5368417812909,-1661.4121697981516,1.5301962812336816,1.3925331897567714,1.6006630984882573
90,7.469803100145137,13.972634060657867,-119.25296172182888,-1631.9024876751273,1.5280435574054896,1.4199532242193944,1.56809384814836
91,7.569845105950653,26.490144157340893,-136.58995908311513,-1601.9281575953883,1.5166112659667652,1.4591043268679844,1.525724419973921
92,7.619866108853411,32.30991185735135,-144.38878791133214,-1586.5155036154624,1.501051721460196,1.4840458242079693,1.4990378433688252
93,7.719908114658926,41.971569106741896,-157.60833047885035,-1554.7535453753123,1.454927669011427,1.5441149520906359,1.4382105674398276
94,7.8199501204644415,45.49214419584584,-165.06533044120403,-1522.7761215536514,1.3853156034397198,1.6068563290625069,1.3904343418185492
95,7.869971123367199,44.88277473066293,-166.124685517812,-1507.9770377385628,1.3444003594188476,1.638215181429892,1.3698780142103029
96,7.970013129172713,40.06599573191329,-163.95489483054564,-1480.7883861993992,1.2562253024320231,1.6945055253584784,1.336894621180627
97,8.070055134978228,33.95461636346039,-155.66725880827164,-1459.099027449886,1.1688012193033386,1.7420549840424078,1.3093696661039864
98,8.120076137880986,31.222561494960004,-149.17687442678925,-1450.9366346010013,1.1327349776562026,1.7610874802849048,1.302070141704343
99,8.220118143686502,27.998212122996662,-133.8087822528866,-1439.297245552857,1.0715845252568434,1.7949105702049004,1.2868708149881445
100,8.320160149492017,26.777886963763166,-118.35430505223474,-1431.9829894817735,1.0176302063957006,1.8170804619556962,1.2758689376971237
101,8.370181152394775,26.34834853502666,-111.66754833085788,-1429.789869034412,0.9910389684597328,1.8245695860845035,1.2689138070208659
102,8.47022315820029,25.721661300727547,-99.28425350436602,-1427.444989489532,0.9455954186778442,1.8286814269791765,1.262102199166746
103,8.570265164005805,24.543281175686644,-88.04201410895489,-1427.4669726794868,0.9063500447004968,1.8347313584480534,1.2612648554328723
104,8.620286166908564,23.294939725381667,-82.82170240988042,-1428.1680681525581,0.8862543550349181,1.8368653604112954,1.26083386348236
105,8.720328172714078,18.881835720894316,-73.65436551733157,-1429.7344325417198,0.8381762255536253,1.8313084096063579,1.2612874942481518
106,8.820370178519592,12.87179386870993,-66.32540591430597,-1431.5312507447004,0.7869928522639463,1.8119282226749065,1.263748741410352
107,8.87039118142235,9.941328765976749,-63.36379234504227,-1433.0221055630373,0.7643598535594148,1.7998714516354073,1.2616734108433587
108,8.970433187227865,4.466202208512186,-57.94672915986881,-1436.1676708884704,0.7243984616319089,1.7789179900008691,1.2670971982447288
109,9.070475193033381,1.1025149850902949,-53.743843883395854,-1439.0224522262965,0.6991295759008728,1.7664799890711,1.2778136329800618
110,9.12049619593614,-1.9543036955539037,-52.317107327578796,-1440.6854846239412,0.6822888829373028,1.7554637083726208,1.2822388404241774
111,9.220538201741654,-10.136131817963417,-50.24148999310815,-1444.093929625895,0.6448235336739366,1.7283808783378685,1.2911515472880883
112,9.32058020754717,-19.926686759421585,-49.52839426684335,-1447.1837781197653,0.6023601048000381,1.6983318675422354,1.297628294353932
113,9.370601210449927,-23.93543365146347,-49.559630486851944,-1448.2777053163572,0.584350080382374,1.6847546883631315,1.2990785116164303
114,9.470643216255441,-28.027202830197112,-49.616526318560375,-1449.7137786161381,0.5617445549449519,1.6750073461415032,1.300012169092339
115,9.570685222060957,-32.588392636996716,-50.46460040315894,-1450.8003379157437,0.5328213340336629,1.6538334795684837,1.298776730079494
116,9.620706224963715,-34.97624216871644,-50.655219623256684,-1451.9423706360021,0.5172864300175183,1.6412635661385442,1.2956261187109879
117,9.72074823076923,-37.682679314219754,-50.262982581526074,-1454.1533733169208,0.4948172676651643,1.6201940045170682,1.2930218789951604
118,9.820790236574746,-39.80136286047724,-49.09240763700424,-1456.4126193247268,0.47642499333913735,1.5958019006609716,1.2924795815900456
119,9.870811239477502,-41.17696615026041,-48.65775351298339,-1458.0359607200169,0.46576226534847576,1.5873688013301555,1.2914369328136364
120,9.970853245283019,-45.24013423197127,-47.997980491776715,-1461.687158963393,0.4420815952301822,1.564080854898265,1.2911385590254567
121,10.070895251088533,-47.743428607230285,-46.80493432674933,-1464.3454939644996,0.4255350045729882,1.543879850056095,1.2896099630351425
122,10.120916253991291,-48.814780635691434,-46.26672060203771,-1465.909575852891,0.4178651455271306,1.5374660305939618,1.2863179896446086
123,10.220958259796806,-52.52401817595897,-46.152392216753384,-1468.1925474310306,0.39799833887892294,1.5194290380400495,1.285380485955748
124,10.321000265602322,-58.726097196896404,-46.40793515200136,-1471.193046830328,0.37025758322507707,1.4964125135631283,1.2845856580863555
125,10.371021268505078,-61.831910510645,-46.39481041042288,-1472.6088650703578,0.3580879260633006,1.4849347593211055,1.284933902414392
126,10.471063274310595,-67.47073780581967,-46.2105813367686,-1475.0421141949898,0.33759008113662275,1.4655015902848632,1.2884854332179367
127,10.57110528011611,-72.44936785345791,-46.23892606417273,-1477.355030700977,0.32094812691359753,1.452554450889262,1.2926528181480812
128,10.621126283018867,-74.59545027489706,-46.09397113111042,-1478.4134094492451,0.311451788597337,1.4467889412873498,1.2921318245873346
129,10.721168288824384,-78.55533963290765,-46.07571592562206,-1480.3164785057984,0.2951484885321582,1.4314420867937923,1.2939611973835403
130,10.821210294629898,-80.31896956773247,-45.7739552089094,-1481.9937425748963,0.2861926599643493,1.4190067570114122,1.2934510611761307
131,10.871231297532656,-82.19978535447737,-45.48019786546581,-1484.0918094219,0.274002863804893,1.4067390679872798,1.2887826585368578
132,10.97127330333817,-86.90552988350709,-45.546769492617614,-1488.631271363074,0.2492554770551184,1.3816876557609346,1.283449156354542
133,11.071315309143685,-90.36689689101989,-45.693267216254426,-1491.397647593305,0.23450601691226342,1.369795579018064,1.2856750658585125
134,11.121336312046443,-91.58959419811477,-45.43629258502955,-1492.8347027083482,0.2283291594798879,1.3632812127292808,1.2835965541955359
135,11.22137831785196,-94.29467248545777,-45.383189669318114,-1495.9136382871213,0.21280328709566515,1.3521298402115454,1.2789130805031372
136,11.321420323657474,-97.24633396502715,-46.07344008245373,-1498.349146208754,0.20115825152605046,1.3429304625217298,1.2790545383002536
137,11.371441326560232,-99.35545351086475,-46.50256400263943,-1499.6840288493677,0.19338228789953218,1.3354630215745755,1.2795389562562614
138,11.471483332365747,-102.85614862809265,-47.27714793181525,-1502.64468248869,0.18015114161483375,1.32667520382694,1.278488563076777
139,11.571525338171263,-104.88880448406435,-47.828483930239045,-1504.261496201833,0.17232450040695207,1.3203008404631675,1.2799450268268628
140,11.62154634107402,-105.71035655528824,-47.93047928967634,-1505.1246349370322,0.16899224907027374,1.3146287922115476,1.2800675511588278
141,11.721588346879534,-106.99950959305531,-48.15813632532543,-1506.4982345597523,0.16282899455011338,1.304506125294388,1.2796324088845208
142,11.82163035268505,-108.62235646708403,-48.28384079217824,-1508.277133356284,0.1553464370093539,1.2965614851613416,1.2784410370393515
143,11.871651355587808,-109.39504237199431,-48.174575456859685,-1508.8814512399383,0.1511574666374923,1.29273321637406,1.2775428296773874
144,11.971693361393324,-109.90013788281759,-47.7994922671712,-1509.4635796568055,0.1496491791849519,1.2869016799887354,1.276682885326515
145,12.071735367198837,-110.31549659955417,-47.85108869116833,-1510.3233987134995,0.14675063290692475,1.2864748312175815,1.2751495360866567
146,12.121756370101597,-111.1947981759648,-47.93257867390683,-1510.9886999889059,0.14246277658605455,1.283387732936522,1.274998700321802
147,12.221798375907111,-113.50202491614019,-48.320736703639085,-1512.8293615247576,0.13400622930819903,1.2769504362570252,1.275932650743674
148,12.321840381712628,-116.09751789466374,-48.79413507657803,-1515.1426917100957,0.12246067743061693,1.27150442792554,1.274692704647658
149,12.371861384615384,-117.57147961657031,-49.403924656568805,-1516.0652817076789,0.11731439244659378,1.2671080902085974,1.2771046321593302
150,12.471903390420898,-120.36196736161436,-50.05331273108729,-1518.94642244547,0.10361193338714056,1.2584707577128789,1.2742687407675428
151,12.571945396226415,-122.66366752183453,-50.63198718537754,-1520.8432555205973,0.09547441838073936,1.251949477278045,1.2757775336893937
152,12.621966399129173,-123.29353902688123,-50.66727223707676,-1521.4472966126393,0.0939099629470061,1.2499922177823162,1.276890097311178
153,12.722008404934686,-125.47267352591513,-50.47800814345767,-1523.9647529107192,0.08363286324608729,1.2431417361037567,1.2741524238994466
154,12.822050410740202,-128.23020753132027,-50.98741371371618,-1526.2303886719271,0.07406409152748454,1.2337084995129084,1.2761781969521528
155,12.87207141364296,-129.20750181040646,-50.92012158676327,-1527.433900635066,0.07006686516492391,1.230545724902236,1.2757453287757823
156,12.972113419448476,-131.3905411120558,-50.97267790134508,-1529.8061424976463,0.06178865956650355,1.2215253109093942,1.2752447118872001
157,13.07215542525399,-133.3613605430316,-51.050648639868115,-1532.0272054595507,0.05295048298062476,1.215070665975423,1.2735577002341887
158,13.122176428156747,-134.1790379809207,-51.116672766721265,-1533.0307082651698,0.04900688689307056,1.2113025796392478,1.2722129055169102
159,13.222218433962263,-136.01983277065773,-51.763549151793484,-1534.9932062093508,0.040384994449575676,1.205832970223354,1.2707378632467201
160,13.322260439767778,-137.8606954282182,-52.343155515456175,-1536.6501385767485,0.03283060638464087,1.1993830196429018,1.2706611318940286
161,13.372281442670538,-138.77909005445622,-52.30985211256579,-1537.8782921985028,0.027297636557066993,1.193924246621525,1.2679455354649753
162,13.47232344847605,-140.210212110465,-52.74233884618671,-1539.681720742863,0.02013609173218735,1.18593761436358,1.2670058560160704
163,13.572365454281565,-141.7479856749536,-53.08839815261845,-1541.7072329301202,0.012202613120922658,1.17766497238236,1.2660139931557137
164,13.622386457184325,-142.386410188459,-53.26680315721407,-1542.5283896815176,0.009966195285873763,1.17366286439147,1.2669535044335125
165,13.72242846298984,-143.14561915227694,-53.50282022460884,-1543.6870814000752,0.0075899123115733234,1.1660856341606936,1.2691733829712692
166,13.822470468795355,-144.32027817712378,-53.80232720720721,-1545.5496403746606,0.0012697040840742718,1.1599059278053214,1.268836234089496
167,13.872491471698112,-145.0145660730643,-53.97811993936155,-1546.2806250614742,-0.0022975811740025445,1.15851310496099,1.2693126767510172
168,13.972533477503628,-146.09723934006155,-54.18741107191441,-1547.8445529832106,-0.007302462142677055,1.155139853813136,1.269217711347301
169,14.072575483309143,-147.16710588076864,-54.4632180764676,-1549.7465439211874,-0.012745081584746588,1.1468259114547568,1.2703395243826887
170,14.122596486211902,-147.81533406708652,-54.44063104970185,-1551.4939995608831,-0.018562289722372605,1.1430613026484542,1.2681437265924764
171,14.222638492017415,-149.8045363913057,-54.90217610121111,-1555.0213674087358,-0.02938419035406472,1.1320537273935527,1.268290506003584
172,14.32268049782293,-151.2942489049317,-55.408382944381316,-1557.051782235146,-0.03570586700467791,1.1224219067715677,1.2722377248518917
173,14.37270150072569,-151.47615860369382,-55.380069517487186,-1557.8385850989505,-0.03785940172242576,1.1196610774429494,1.2719383887871618
174,14.472743506531204,-151.23172405380583,-55.50126608500942,-1558.703422997138,-0.04011113210202542,1.1151666688847575,1.2712329961010467
175,14.57278551233672,-150.72388741208835,-55.25302648664636,-1559.256018545778,-0.04136238980472506,1.1150033462805768,1.269348774131476
176,14.622806515239477,-150.83578313909857,-55.219080321392624,-1559.8228776347612,-0.04300924928794658,1.1121637822546042,1.2677303672177116
177,14.722848521044991,-151.84778659293465,-55.1866873567141,-1561.2846744498931,-0.04976260980568656,1.1047465554462017,1.2654433577183821
178,14.822890526850507,-152.4463775012996,-55.07182696818742,-1563.109510503728,-0.055227920506480926,1.09422934790838,1.2632914246206173
179,14.872911529753265,-152.345550734741,-55.051441207011365,-1563.9152877624942,-0.05633783456173224,1.090081848106105,1.262749674351219
180,14.972953535558778,-152.09718758041993,-54.96667248507164,-1564.991531449125,-0.057974571592944966,1.0851058230742217,1.2624477892158403
181,15.072995541364294,-151.99412105174142,-54.89956758621237,-1565.9039364308005,-0.059055104205063866,1.0811613729857832,1.2621748361144367
182,15.123016544267053,-152.2060764158761,-54.71520723158578,-1566.541266441777,-0.06077703415573812,1.0799250519954526,1.261085198943573
183,15.223058550072569,-152.4442724130267,-54.67264510203701,-1566.6515296698528,-0.06054190715118263,1.0782739496300031,1.2625817988975896
184,15.323100555878083,-152.29724771299135,-54.46460290886006,-1566.9922669417313,-0.060849313272894376,1.074028090885925,1.2614965510507405
185,15.37312155878084,-152.15085026638494,-54.33937580971548,-1567.1820025950994,-0.0611079473233297,1.0744389833116441,1.2609260900893282
186,15.473163564586356,-152.65435627857988,-54.60473984870602,-1567.4731851282493,-0.06276931081532305,1.0713426222597495,1.2629881050041278
187,15.57320557039187,-152.8855799207056,-54.78777258350861,-1567.6974056722727,-0.06265543708083626,1.071774321067898,1.2644076732102478
188,15.62322657329463,-152.84945581116185,-54.49579905359805,-1567.9437691982243,-0.0640489096715504,1.071125255071172,1.2627649945214314
189,15.723268579100143,-152.16836088038932,-54.46200370824657,-1567.2936693233814,-0.0607224874756989,1.0733232575789595,1.2638620285616664
190,15.82331058490566,-151.9080665107174,-54.62883689722359,-1566.4902196287487,-0.056328092493005924,1.073771690113943,1.2664954737317486
191,15.873331587808417,-151.5389532793128,-55.05642427152084,-1564.4178885158638,-0.04678729075386684,1.07941717867502,1.2721853242042278
192,15.973373593613934,-149.83850878694795,-55.482537852349736,-1555.8486683171031,-0.008224348043323955,1.1084269240807243,1.2906837458092912
193,16.073415599419448,-146.98395224673413,-54.75246167721795,-1544.9008734472056,0.042769812077936425,1.1427841895342865,1.3099259457670096
194,16.123436602322204,-144.57852135705537,-53.27132621363221,-1539.0623768377554,0.06910494348658355,1.1631975634911549,1.3144779499052641
195,16.22347860812772,-134.79843073271405,-50.35661702419655,-1522.1975206637806,0.15101475168437692,1.2232383972225482,1.3364415475641374
196,16.323520613933237,-124.0313826289026,-48.11134919486693,-1507.3482837313607,0.23009395077638026,1.2772271380556712,1.3520843632858262
197,16.373541616835993,-119.20961363259057,-47.12757780374683,-1501.2849483495609,0.26502660651129445,1.300500000417302,1.3586676549276964
198,16.473583622641506,-105.49697402133818,-44.829036322933476,-1486.8497250737557,0.35568648125603614,1.3559275355078355,1.377534028209556
199,16.573625628447022,-83.98919400741472,-42.271034154619954,-1469.5043009672409,0.4649183400445153,1.4372567132320977,1.3897224037224747
200,16.623646631349782,-71.08953201845836,-40.87713766513299,-1461.199450849382,0.5185624356910671,1.4806448896057207,1.3867245485777975
201,16.7236886371553,-38.190787014134585,-37.710369514971376,-1445.362406203658,0.6431391362310771,1.5817779880601763,1.3698360870989867
202,16.82373064296081,-1.6022033462099898,-35.538648359010764,-1432.7750601755602,0.7687738617376119,1.6968968770787851,1.3458878936669696
203,16.873751645863567,14.037083151897875,-35.168200878031584,-1428.4011575231725,0.822217849990954,1.7503956061864425,1.3360838028308681
204,16.973793651669084,38.89122005760642,-33.99249351534894,-1422.462318200479,0.9074418070820255,1.8259402625349013,1.3217161465887028
205,17.0738356574746,57.41791825970587,-31.94835543066941,-1419.02882214314,0.9739579355689378,1.867259510377403,1.3162250145680878
206,17.123856660377356,64.2525813810431,-30.616538790896712,-1417.4255756095802,1.0013313853632018,1.880379930289786,1.322122691324674
207,17.223898666182873,71.9683936804387,-28.85734277661723,-1414.2759623357542,1.0332030174608606,1.8929475084055187,1.3349735725015304
208,17.323940671988385,79.66285447039877,-27.45166587126556,-1412.655339395514,1.0642511192234894,1.9024627609491127,1.3287793644783399
209,17.373961674891145,83.48335551045514,-27.030859736589505,-1411.8126497699354,1.0799299316317552,1.9124485135629574,1.32105306783999
210,17.47400368069666,90.1328099317332,-26.401800396975815,-1409.9458116842698,1.1045998110567403,1.9387688953941165,1.3064430894236632
211,17.574045686502178,95.62881369150779,-25.854968125640042,-1409.552562836134,1.1315718757099817,1.955646880019074,1.2928998593756944
212,17.624066689404934,95.44478806870359,-25.24289042784625,-1409.0846612820874,1.1347879706636854,1.950356277992142,1.2899765614040462
213,17.72410869521045,96.10361038720463,-23.27057602338722,-1409.4197702809322,1.1439065745485617,1.938102343509891,1.2821141369993718
214,17.824150701015963,96.24020792580718,-22.038555049397047,-1409.2063187129493,1.153757823212055,1.9271991142048774,1.277508263024251
215,17.87417170391872,96.67362180019512,-21.773447856000942,-1408.810248255444,1.1599199978951613,1.92173744060665,1.2757306595226319
216,17.974213709724236,99.64949079976596,-20.16393525016366,-1407.6686019976144,1.183335544511284,1.9157926832820384,1.2815429243541898
217,18.074255715529752,99.06122415340394,-18.981206445195525,-1407.4725450273686,1.1896308994988518,1.910726263927601,1.273316612277103
218,18.12427671843251,98.06964547893685,-18.24658657751067,-1407.594538520546,1.189548937463251,1.9066271356386244,1.2704858050489376
219,18.224318724238024,98.47850701526056,-17.87824338306558,-1407.441270916429,1.1924426288216687,1.9049489835652382,1.269077429342936
220,18.32436073004354,99.6449006359421,-19.04368035879544,-1406.85200060765,1.1940908688054528,1.9041989112906654,1.2657797597309217
221,18.374381732946297,100.12933793028112,-19.8496534981131,-1407.0176972582758,1.1969597944697845,1.904935078917123,1.2615019413089519
222,18.474423738751813,98.96540811093416,-20.39955588686766,-1405.2582706358135,1.195377825405498,1.89635137361141,1.2589778255708823
223,18.57446574455733,98.0891022673859,-21.031021931260682,-1403.8586290196106,1.19491533695396,1.8885106021020537,1.251806843992641
224,18.624486747460086,97.75655085731077,-21.52380473643207,-1403.2466473099382,1.1948860644075114,1.8854667423852365,1.250743947507689
225,18.7245287532656,96.86420235507109,-22.916118495475587,-1402.7413230275026,1.1936792524652942,1.878064373372135,1.24657904136546
226,18.824570759071115,97.17224441994034,-24.05140031351499,-1402.2701065970614,1.1988470241107374,1.8717269706446629,1.2429630664081164
227,18.874591761973875,98.3128429937743,-24.722746990559898,-1402.297460226038,1.2036701582765958,1.871440120432642,1.2394603722723896
228,18.97463376777939,99.2214398352871,-26.006554440120553,-1402.1094696650346,1.2099628774034534,1.8698546596475194,1.2381779502936463
229,19.074675773584904,100.47951020297126,-27.008705612587278,-1402.4374356772962,1.2190559730721442,1.8642543443227966,1.2354562334247592
230,19.12469677648766,100.61364952446965,-27.404802190572894,-1402.6783461179198,1.223475028828942,1.8601673691306517,1.23570041513642
231,19.224738782293176,100.69100996200615,-27.887998479399883,-1403.1653987464997,1.2321068759556322,1.8462360045860489,1.241510799344563
232,19.324780788098693,100.91394620326284,-28.38754970939874,-1404.1411815006982,1.2412136888360805,1.8349322664909917,1.2414273909169269
233,19.37480179100145,101.22132768805199,-28.287154357103702,-1404.833290502032,1.2501164482358404,1.8343959579544,1.2454070682355625
234,19.474843796806965,99.82588394069975,-28.270159214536804,-1405.0546842421713,1.2571398678575136,1.827278772676283,1.2569395173087439
235,19.57488580261248,98.23376651613938,-28.310333374552457,-1406.2015430635645,1.2639588064257359,1.8116981574020765,1.2620163601755074
236,19.624906805515238,97.22836229139571,-28.212433375754543,-1406.3568320193124,1.265617473978063,1.8039882424734899,1.2695597908864062
237,19.724948811320754,96.6263128492686,-28.602657542555534,-1408.4663762058537,1.2738436058209504,1.7862668867790028,1.2744362242569829
238,19.82499081712627,95.92511878742454,-28.881287971534093,-1410.0102595399799,1.2814612412379272,1.7727271994651415,1.2841655023474403
239,19.875011820029027,95.55115755680329,-29.177506188376597,-1411.046010050959,1.2814172268658572,1.7666597171866636,1.2855653455160587
240,19.975053825834543,96.00533177555715,-29.037406687607685,-1413.1161884136602,1.2882249084439825,1.7619656211976817,1.2888994535279168
241,20.075095831640056,96.80322233793382,-29.7553504359216,-1415.1580344785016,1.296980519103521,1.760410125175394,1.2899335421539841
242,20.125116834542812,96.81292417306682,-30.363643226877898,-1415.4206388950338,1.297904910323875,1.754813003554071,1.291775605041142
243,20.22515884034833,96.93666136349302,-31.536629522825947,-1416.0667890386055,1.3032882723875499,1.7469969111197916,1.29481168818389
244,20.325200846153844,97.1854472398117,-32.41685190097531,-1416.1308194749713,1.3069992993291353,1.7431270589971535,1.2980529648822525
245,20.375221849056604,97.39469062404211,-32.476996154350026,-1416.186754435316,1.3100875884557817,1.7417409333228389,1.3012983874844717
246,20.475263854862117,97.32596719933969,-32.659349054746244,-1415.5894695817653,1.3113857947996723,1.7342771811595734,1.3031857466709729
247,20.575305860667633,97.52209138438414,-32.128469077984875,-1415.0389146660882,1.3134258816721114,1.7335208208262234,1.3031282455494377
248,20.62532686357039,97.55997600155294,-32.2511989016027,-1414.8526401053828,1.313456099509565,1.7336971307788294,1.3023580312044507
249,20.725368869375906,97.49105913790117,-32.381983745057724,-1414.4513484982526,1.3114784205396453,1.7307341883037044,1.302859615568817
250,20.825410875181422,97.18605127440641,-32.22430793670366,-1414.3966284696946,1.3106886726238418,1.7286042885973634,1.3024676306084337
251,20.87543187808418,97.05122032440659,-32.19814187172599,-1414.349054788883,1.3104827731912245,1.726756138781412,1.3039187081634414
252,20.97547388388969,97.10134562765748,-32.34215627859059,-1414.6767532044694,1.3105358025205625,1.727370523150468,1.3052924895836777
253,21.075515889695208,96.95854373502917,-32.37500968274221,-1414.7730982818298,1.3095353603263962,1.7271930287768238,1.3039795098515605
254,21.125536892597967,96.87860258565132,-32.32600154171484,-1414.8223534773952,1.3086448996271043,1.727095795215544,1.303073429660162
255,21.225578898403484,96.9147119084659,-32.72768532633429,-1414.3720297801751,1.3092264487057739,1.7248650416308642,1.3034851482896794
256,21.325620904209,97.0328212951263,-32.87353694229179,-1413.585471449596,1.3071290142282301,1.7256784840568393,1.3005502864395444
257,21.375641907111756,96.77494168006238,-32.92907995824394,-1413.200828399321,1.3063788370056242,1.7242677831872728,1.3002077040987954
258,21.47568391291727,96.24215414993856,-33.028035977939965,-1413.2967009974407,1.304814268393809,1.7198072623217528,1.300698177550822
259,21.575725918722785,96.09770195672132,-32.992337273105996,-1413.908877615701,1.3036976369934892,1.7187195837224178,1.301040604219836
260,21.62574692162554,95.94187540082856,-32.81984467703356,-1414.3579469396952,1.3045022790769758,1.7199685303885113,1.3008041882206065
261,21.725788927431058,95.7112911785753,-33.122392309010415,-1414.6814299405833,1.303416139938071,1.7189620538060746,1.2993814810956814
262,21.825830933236574,95.8992731534831,-33.5321054471279,-1414.8938650934213,1.3042086741343304,1.7200344540586023,1.2981603133998134
263,21.87585193613933,95.59936502645215,-33.69166289472878,-1414.5211035541215,1.3016504002481772,1.7179767922093345,1.2972940806421882
264,21.975893941944847,95.69557683292719,-33.613090663025716,-1414.6022236646334,1.3026622654586866,1.71924027457139,1.2968975144019677
265,22.075935947750363,95.27737264656139,-33.79891491670379,-1414.484332631022,1.299391422533995,1.7181212350897332,1.2960316608657412
266,22.12595695065312,95.50805806198885,-33.714361520316366,-1414.6790985875898,1.2998339606364733,1.7203388021255352,1.2947054410085714
267,22.225998956458636,95.37805563624849,-33.582591757640316,-1414.514371284781,1.3000578586362943,1.7192707394362838,1.2948078786542385
268,22.32604096226415,95.10045270739798,-33.71371836514925,-1414.466868174572,1.2979314447727923,1.7172857033872946,1.2942003730103337
269,22.376061965166905,94.81079339023779,-33.843126162889796,-1414.532561332104,1.296346223444351,1.7170391395521587,1.2926039788299037
270,22.47610397097242,94.66563212335271,-33.72560339278913,-1414.6839659022028,1.2967211818272404,1.7173379978787144,1.2913912928784135
271,22.576145976777937,94.49256614514914,-33.79190397669913,-1414.656873065409,1.295822985832004,1.716312003069108,1.2909918005696537
272,22.626166979680697,94.63113811939323,-33.886096699396994,-1414.896086771259,1.296805080630645,1.7178933502728868,1.2901900323089144
273,22.72620898548621,94.38983610131793,-33.941707259946156,-1414.873579340805,1.295743021244075,1.7162465144620387,1.290699864909317
274,22.826250991291726,94.06490351934264,-33.90509969507772,-1414.850619109301,1.2936344431364022,1.7158194433477856,1.2888046590489604
275,22.876271994194482,94.0081731666609,-33.99191084202005,-1414.7692560623589,1.2928586043570944,1.7158772729574503,1.2881189079795166
276,22.976314,93.89136037960671,-34.09320436223437,-1414.6179460954843,1.2919188069269147,1.7142136334602969,1.2886579284316393
