Tool 1 :C:\Program Files (x86)\Northern Digital Inc\8700449.rom
Tool 2 :C:\Program Files (x86)\Northern Digital Inc\8700339.rom
YCB Object No.:648026
Frame No: TimeStamp--Tool 1, 2: Tx,Ty, Tz, Q0, Qx, Qy, Qz, *** Tx,Ty, Tz, Q0, Qx, Qy, Qz
Measurement Completed for 21/08/2022 at 3:15 PM.

Frame 1, 2022-08-21-15-14-59.006824, Both Rigid bodies out of volume?
Frame 4, 2022-08-21-15-14-59.065827, Tool  1, -145.014526, -241.857285, -1753.757690, 0.519059, 0.324536, -0.218122, 0.760051, Tool 2, 0.000000, 0.000000, 0.000000,  0.000000, 0.000000, 0.000000, 0.000000
Frame 7, 2022-08-21-15-14-59.150832, Tool  1, -141.255661, -236.690796, -1749.053589, 0.521420, 0.325995, -0.220897, 0.757002, Tool 2, 0.000000, 0.000000, 0.000000,  0.000000, 0.000000, 0.000000, 0.000000
Frame 13, 2022-08-21-15-14-59.231837, Tool  1, -132.090652, -226.283020, -1741.840088, 0.523475, 0.322631, -0.229135, 0.754573, Tool 2, 0.000000, 0.000000, 0.000000,  0.000000, 0.000000, 0.000000, 0.000000
Frame 19, 2022-08-21-15-14-59.314841, Tool  1, -120.888214, -216.217514, -1735.145264, 0.526044, 0.322114, -0.236592, 0.750697, Tool 2, 0.000000, 0.000000, 0.000000,  0.000000, 0.000000, 0.000000, 0.000000
Frame 22, 2022-08-21-15-14-59.400846, Tool  1, -114.878647, -211.594727, -1732.334961, 0.527082, 0.322710, -0.239768, 0.748702, Tool 2, 0.000000, 0.000000, 0.000000,  0.000000, 0.000000, 0.000000, 0.000000
Frame 28, 2022-08-21-15-14-59.482851, Tool  1, -101.509758, -203.265701, -1728.871216, 0.531018, 0.323699, -0.243935, 0.744134, Tool 2, 0.000000, 0.000000, 0.000000,  0.000000, 0.000000, 0.000000, 0.000000
Frame 34, 2022-08-21-15-14-59.564856, Tool  1, -87.231567, -197.369934, -1730.344971, 0.537828, 0.317928, -0.246481, 0.740885, Tool 2, 0.000000, 0.000000, 0.000000,  0.000000, 0.000000, 0.000000, 0.000000
Frame 37, 2022-08-21-15-14-59.650861, Tool  1, -80.363388, -195.492905, -1731.563110, 0.541707, 0.315040, -0.247947, 0.738801, Tool 2, 0.000000, 0.000000, 0.000000,  0.000000, 0.000000, 0.000000, 0.000000
Frame 43, 2022-08-21-15-14-59.731865, Tool  1, -69.197945, -193.829849, -1733.533447, 0.549280, 0.312328, -0.249278, 0.733896, Tool 2, 0.000000, 0.000000, 0.000000,  0.000000, 0.000000, 0.000000, 0.000000
Frame 49, 2022-08-21-15-14-59.815870, Tool  1, -62.668156, -193.912796, -1734.057983, 0.553930, 0.313416, -0.249587, 0.729821, Tool 2, 0.000000, 0.000000, 0.000000,  0.000000, 0.000000, 0.000000, 0.000000
Frame 52, 2022-08-21-15-14-59.899875, Tool  1, -61.049835, -194.029633, -1734.168335, 0.555518, 0.314528, -0.249420, 0.728191, Tool 2, 0.000000, 0.000000, 0.000000,  0.000000, 0.000000, 0.000000, 0.000000
Frame 58, 2022-08-21-15-14-59.981880, Tool  1, -61.151558, -194.315048, -1735.583984, 0.555557, 0.313589, -0.248184, 0.728988, Tool 2, 0.000000, 0.000000, 0.000000,  0.000000, 0.000000, 0.000000, 0.000000
Frame 64, 2022-08-21-15-15-00.065885, Tool  1, -62.717670, -194.185150, -1736.969360, 0.556679, 0.315286, -0.244451, 0.728662, Tool 2, 0.000000, 0.000000, 0.000000,  0.000000, 0.000000, 0.000000, 0.000000
Frame 67, 2022-08-21-15-15-00.150889, Tool  1, -63.203716, -193.931641, -1737.502197, 0.556920, 0.315185, -0.243473, 0.728849, Tool 2, 0.000000, 0.000000, 0.000000,  0.000000, 0.000000, 0.000000, 0.000000
Frame 73, 2022-08-21-15-15-00.232894, Tool  1, -63.592766, -193.602463, -1738.057373, 0.556713, 0.313478, -0.243758, 0.729647, Tool 2, 0.000000, 0.000000, 0.000000,  0.000000, 0.000000, 0.000000, 0.000000
Frame 79, 2022-08-21-15-15-00.315899, Tool  1, -64.030922, -194.014847, -1737.657471, 0.557048, 0.312940, -0.244094, 0.729510, Tool 2, 0.000000, 0.000000, 0.000000,  0.000000, 0.000000, 0.000000, 0.000000
Frame 82, 2022-08-21-15-15-00.399903, Tool  1, -63.937820, -194.445343, -1737.765137, 0.557510, 0.311114, -0.244038, 0.729957, Tool 2, 0.000000, 0.000000, 0.000000,  0.000000, 0.000000, 0.000000, 0.000000
Frame 88, 2022-08-21-15-15-00.482908, Tool  1, -63.317535, -195.291870, -1737.858643, 0.558791, 0.310150, -0.243152, 0.729684, Tool 2, 0.000000, 0.000000, 0.000000,  0.000000, 0.000000, 0.000000, 0.000000
Frame 94, 2022-08-21-15-15-00.564913, Tool  1, -62.445595, -195.886520, -1737.997192, 0.559562, 0.308865, -0.243387, 0.729559, Tool 2, 0.000000, 0.000000, 0.000000,  0.000000, 0.000000, 0.000000, 0.000000
Frame 97, 2022-08-21-15-15-00.650918, Tool  1, -62.132851, -196.069885, -1737.787476, 0.560103, 0.309447, -0.243612, 0.728822, Tool 2, 0.000000, 0.000000, 0.000000,  0.000000, 0.000000, 0.000000, 0.000000
Frame 103, 2022-08-21-15-15-00.732923, Tool  1, -62.171520, -196.648193, -1738.049683, 0.559809, 0.307882, -0.243456, 0.729762, Tool 2, 0.000000, 0.000000, 0.000000,  0.000000, 0.000000, 0.000000, 0.000000
Frame 109, 2022-08-21-15-15-00.816927, Tool  1, -62.292324, -197.167679, -1738.385986, 0.560500, 0.307245, -0.242541, 0.729804, Tool 2, 0.000000, 0.000000, 0.000000,  0.000000, 0.000000, 0.000000, 0.000000
Frame 112, 2022-08-21-15-15-00.900932, Tool  1, -62.444149, -197.378723, -1738.474854, 0.560406, 0.307216, -0.242512, 0.729898, Tool 2, 0.000000, 0.000000, 0.000000,  0.000000, 0.000000, 0.000000, 0.000000
Frame 118, 2022-08-21-15-15-00.981937, Tool  1, -62.360973, -197.585937, -1737.701782, 0.560231, 0.307858, -0.243774, 0.729342, Tool 2, 0.000000, 0.000000, 0.000000,  0.000000, 0.000000, 0.000000, 0.000000
Frame 124, 2022-08-21-15-15-01.065942, Tool  1, -62.446114, -197.863892, -1737.335693, 0.560158, 0.306394, -0.244251, 0.729855, Tool 2, 0.000000, 0.000000, 0.000000,  0.000000, 0.000000, 0.000000, 0.000000
Frame 127, 2022-08-21-15-15-01.149946, Tool  1, -62.560146, -197.985596, -1737.316284, 0.560176, 0.306121, -0.244340, 0.729926, Tool 2, 0.000000, 0.000000, 0.000000,  0.000000, 0.000000, 0.000000, 0.000000
Frame 133, 2022-08-21-15-15-01.231951, Tool  1, -63.033432, -197.885834, -1736.845825, 0.560066, 0.307111, -0.244381, 0.729580, Tool 2, 0.000000, 0.000000, 0.000000,  0.000000, 0.000000, 0.000000, 0.000000
Frame 139, 2022-08-21-15-15-01.315956, Tool  1, -63.429272, -197.501846, -1737.181030, 0.559952, 0.306488, -0.243937, 0.730079, Tool 2, 0.000000, 0.000000, 0.000000,  0.000000, 0.000000, 0.000000, 0.000000
Frame 142, 2022-08-21-15-15-01.399960, Tool  1, -63.438644, -197.303574, -1737.400146, 0.559818, 0.306164, -0.244190, 0.730233, Tool 2, 0.000000, 0.000000, 0.000000,  0.000000, 0.000000, 0.000000, 0.000000
Frame 148, 2022-08-21-15-15-01.481966, Tool  1, -63.387520, -197.187592, -1738.411011, 0.560024, 0.304823, -0.243906, 0.730730, Tool 2, 0.000000, 0.000000, 0.000000,  0.000000, 0.000000, 0.000000, 0.000000
Frame 154, 2022-08-21-15-15-01.565970, Tool  1, -63.228355, -197.230072, -1739.063843, 0.560959, 0.304958, -0.243102, 0.730225, Tool 2, 0.000000, 0.000000, 0.000000,  0.000000, 0.000000, 0.000000, 0.000000
Frame 157, 2022-08-21-15-15-01.650975, Tool  1, -63.072853, -197.329758, -1739.182983, 0.561027, 0.304572, -0.243151, 0.730317, Tool 2, 0.000000, 0.000000, 0.000000,  0.000000, 0.000000, 0.000000, 0.000000
Frame 163, 2022-08-21-15-15-01.732980, Tool  1, -62.864594, -197.656418, -1739.475952, 0.561294, 0.304160, -0.243256, 0.730249, Tool 2, 0.000000, 0.000000, 0.000000,  0.000000, 0.000000, 0.000000, 0.000000
Frame 169, 2022-08-21-15-15-01.816985, Tool  1, -63.122726, -198.097229, -1739.358887, 0.560887, 0.304274, -0.243909, 0.730296, Tool 2, 0.000000, 0.000000, 0.000000,  0.000000, 0.000000, 0.000000, 0.000000
Frame 172, 2022-08-21-15-15-01.900990, Tool  1, -63.336014, -198.338257, -1738.983887, 0.560624, 0.305062, -0.244426, 0.729996, Tool 2, 0.000000, 0.000000, 0.000000,  0.000000, 0.000000, 0.000000, 0.000000
Frame 178, 2022-08-21-15-15-01.982994, Tool  1, -64.088669, -198.902878, -1738.737549, 0.560796, 0.303965, -0.244009, 0.730462, Tool 2, 0.000000, 0.000000, 0.000000,  0.000000, 0.000000, 0.000000, 0.000000
Frame 184, 2022-08-21-15-15-02.065999, Tool  1, -65.345184, -199.346878, -1738.299927, 0.560213, 0.305261, -0.243873, 0.730414, Tool 2, 0.000000, 0.000000, 0.000000,  0.000000, 0.000000, 0.000000, 0.000000
Frame 187, 2022-08-21-15-15-02.150003, Tool  1, -65.871086, -199.533920, -1738.368286, 0.560236, 0.304925, -0.243408, 0.730691, Tool 2, 0.000000, 0.000000, 0.000000,  0.000000, 0.000000, 0.000000, 0.000000
Frame 193, 2022-08-21-15-15-02.232008, Tool  1, -67.020515, -199.481659, -1737.927979, 0.559167, 0.305287, -0.244660, 0.730941, Tool 2, 0.000000, 0.000000, 0.000000,  0.000000, 0.000000, 0.000000, 0.000000
Frame 199, 2022-08-21-15-15-02.316013, Tool  1, -68.452950, -199.266022, -1737.391357, 0.557927, 0.305089, -0.246321, 0.731413, Tool 2, 0.000000, 0.000000, 0.000000,  0.000000, 0.000000, 0.000000, 0.000000
Frame 202, 2022-08-21-15-15-02.400018, Tool  1, -69.496689, -199.083969, -1737.308228, 0.557174, 0.304781, -0.246681, 0.731994, Tool 2, 0.000000, 0.000000, 0.000000,  0.000000, 0.000000, 0.000000, 0.000000
Frame 208, 2022-08-21-15-15-02.482023, Tool  1, -71.365578, -198.643372, -1737.039795, 0.555990, 0.304304, -0.247006, 0.732982, Tool 2, 0.000000, 0.000000, 0.000000,  0.000000, 0.000000, 0.000000, 0.000000
Frame 214, 2022-08-21-15-15-02.566028, Tool  1, -72.955368, -198.001907, -1736.736206, 0.554500, 0.305572, -0.247892, 0.733285, Tool 2, 0.000000, 0.000000, 0.000000,  0.000000, 0.000000, 0.000000, 0.000000
Frame 217, 2022-08-21-15-15-02.651032, Tool  1, -73.599648, -197.734497, -1736.963745, 0.553482, 0.306084, -0.248096, 0.733770, Tool 2, 0.000000, 0.000000, 0.000000,  0.000000, 0.000000, 0.000000, 0.000000
Frame 223, 2022-08-21-15-15-02.732037, Tool  1, -73.242569, -197.451797, -1738.127808, 0.553823, 0.306365, -0.247657, 0.733544, Tool 2, 0.000000, 0.000000, 0.000000,  0.000000, 0.000000, 0.000000, 0.000000
Frame 229, 2022-08-21-15-15-02.816042, Tool  1, -71.660141, -197.386414, -1740.058105, 0.555390, 0.304780, -0.247075, 0.733216, Tool 2, 0.000000, 0.000000, 0.000000,  0.000000, 0.000000, 0.000000, 0.000000
Frame 232, 2022-08-21-15-15-02.901047, Tool  1, -71.322960, -197.329483, -1740.843506, 0.556186, 0.304451, -0.246320, 0.733004, Tool 2, 0.000000, 0.000000, 0.000000,  0.000000, 0.000000, 0.000000, 0.000000
Frame 238, 2022-08-21-15-15-02.983051, Tool  1, -71.614174, -197.069473, -1741.267456, 0.555481, 0.305574, -0.247012, 0.732838, Tool 2, 0.000000, 0.000000, 0.000000,  0.000000, 0.000000, 0.000000, 0.000000
Frame 244, 2022-08-21-15-15-03.065056, Tool  1, -73.361908, -196.970963, -1740.923462, 0.555322, 0.307476, -0.246521, 0.732327, Tool 2, 0.000000, 0.000000, 0.000000,  0.000000, 0.000000, 0.000000, 0.000000
Frame 247, 2022-08-21-15-15-03.151061, Tool  1, -74.269539, -196.889633, -1740.679443, 0.554296, 0.306874, -0.247441, 0.733047, Tool 2, 0.000000, 0.000000, 0.000000,  0.000000, 0.000000, 0.000000, 0.000000
Frame 253, 2022-08-21-15-15-03.233066, Tool  1, -75.715363, -196.500168, -1739.051636, 0.553407, 0.308534, -0.249691, 0.732259, Tool 2, 0.000000, 0.000000, 0.000000,  0.000000, 0.000000, 0.000000, 0.000000
Frame 259, 2022-08-21-15-15-03.315070, Tool  1, -77.204590, -195.818726, -1736.677368, 0.552014, 0.310660, -0.252304, 0.731515, Tool 2, 0.000000, 0.000000, 0.000000,  0.000000, 0.000000, 0.000000, 0.000000
Frame 262, 2022-08-21-15-15-03.400075, Tool  1, -77.874855, -195.481964, -1735.733521, 0.550931, 0.310362, -0.252953, 0.732234, Tool 2, 0.000000, 0.000000, 0.000000,  0.000000, 0.000000, 0.000000, 0.000000
Frame 268, 2022-08-21-15-15-03.482080, Tool  1, -78.419434, -194.968353, -1734.793823, 0.549934, 0.310661, -0.254255, 0.732405, Tool 2, 0.000000, 0.000000, 0.000000,  0.000000, 0.000000, 0.000000, 0.000000
Frame 274, 2022-08-21-15-15-03.567085, Tool  1, -78.651375, -195.001129, -1735.126709, 0.550069, 0.310554, -0.253507, 0.732608, Tool 2, 0.000000, 0.000000, 0.000000,  0.000000, 0.000000, 0.000000, 0.000000
Frame 277, 2022-08-21-15-15-03.652090, Tool  1, -78.775688, -195.150711, -1735.645752, 0.549765, 0.311162, -0.253323, 0.732643, Tool 2, 0.000000, 0.000000, 0.000000,  0.000000, 0.000000, 0.000000, 0.000000
Frame 283, 2022-08-21-15-15-03.732094, Tool  1, -78.430603, -195.559189, -1736.891846, 0.550531, 0.312050, -0.251777, 0.732222, Tool 2, 0.000000, 0.000000, 0.000000,  0.000000, 0.000000, 0.000000, 0.000000
Frame 289, 2022-08-21-15-15-03.816099, Tool  1, -78.299683, -195.930023, -1738.046631, 0.550799, 0.311903, -0.250763, 0.732431, Tool 2, 0.000000, 0.000000, 0.000000,  0.000000, 0.000000, 0.000000, 0.000000
Frame 292, 2022-08-21-15-15-03.901103, Tool  1, -78.534103, -196.074661, -1738.128052, 0.550700, 0.312508, -0.250303, 0.732405, Tool 2, 0.000000, 0.000000, 0.000000,  0.000000, 0.000000, 0.000000, 0.000000
Frame 298, 2022-08-21-15-15-03.983108, Tool  1, -79.062103, -196.230911, -1738.341797, 0.549900, 0.311377, -0.250106, 0.733554, Tool 2, 0.000000, 0.000000, 0.000000,  0.000000, 0.000000, 0.000000, 0.000000
Frame 304, 2022-08-21-15-15-04.065113, Tool  1, -79.593506, -196.246414, -1738.184326, 0.549038, 0.310801, -0.250784, 0.734212, Tool 2, 0.000000, 0.000000, 0.000000,  0.000000, 0.000000, 0.000000, 0.000000
Frame 307, 2022-08-21-15-15-04.151118, Tool  1, -79.767639, -196.363556, -1737.952393, 0.548888, 0.311091, -0.250750, 0.734213, Tool 2, 0.000000, 0.000000, 0.000000,  0.000000, 0.000000, 0.000000, 0.000000
Frame 313, 2022-08-21-15-15-04.233123, Tool  1, -79.790054, -196.780731, -1738.113892, 0.548981, 0.310885, -0.250667, 0.734259, Tool 2, 0.000000, 0.000000, 0.000000,  0.000000, 0.000000, 0.000000, 0.000000
Frame 319, 2022-08-21-15-15-04.315127, Tool  1, -79.425499, -197.292023, -1738.413086, 0.549046, 0.310652, -0.250856, 0.734245, Tool 2, 0.000000, 0.000000, 0.000000,  0.000000, 0.000000, 0.000000, 0.000000
Frame 322, 2022-08-21-15-15-04.401132, Tool  1, -79.086754, -197.480545, -1738.597900, 0.548725, 0.311374, -0.251647, 0.733909, Tool 2, 0.000000, 0.000000, 0.000000,  0.000000, 0.000000, 0.000000, 0.000000
Frame 328, 2022-08-21-15-15-04.483137, Tool  1, -78.814049, -197.936172, -1739.807007, 0.549500, 0.310273, -0.250103, 0.734322, Tool 2, 0.000000, 0.000000, 0.000000,  0.000000, 0.000000, 0.000000, 0.000000
Frame 334, 2022-08-21-15-15-04.566142, Tool  1, -79.155464, -197.855896, -1740.347778, 0.548406, 0.310853, -0.250028, 0.734921, Tool 2, 0.000000, 0.000000, 0.000000,  0.000000, 0.000000, 0.000000, 0.000000
Frame 337, 2022-08-21-15-15-04.651146, Tool  1, -78.946259, -197.577484, -1740.342651, 0.547537, 0.310413, -0.251344, 0.735306, Tool 2, 0.000000, 0.000000, 0.000000,  0.000000, 0.000000, 0.000000, 0.000000
Frame 343, 2022-08-21-15-15-04.733151, Tool  1, -78.764984, -197.018341, -1740.150269, 0.546970, 0.310453, -0.251979, 0.735494, Tool 2, 0.000000, 0.000000, 0.000000,  0.000000, 0.000000, 0.000000, 0.000000
Frame 349, 2022-08-21-15-15-04.816156, Tool  1, -78.959435, -196.614594, -1739.910522, 0.546528, 0.310724, -0.252328, 0.735588, Tool 2, 0.000000, 0.000000, 0.000000,  0.000000, 0.000000, 0.000000, 0.000000
Frame 352, 2022-08-21-15-15-04.900161, Tool  1, -78.796562, -196.400330, -1740.038818, 0.546557, 0.309852, -0.252202, 0.735977, Tool 2, 0.000000, 0.000000, 0.000000,  0.000000, 0.000000, 0.000000, 0.000000
Frame 358, 2022-08-21-15-15-04.982166, Tool  1, -78.358948, -196.027023, -1739.975830, 0.546996, 0.309968, -0.252293, 0.735571, Tool 2, 0.000000, 0.000000, 0.000000,  0.000000, 0.000000, 0.000000, 0.000000
Frame 364, 2022-08-21-15-15-05.065170, Tool  1, -78.039818, -195.578857, -1741.432373, 0.545533, 0.306468, -0.253024, 0.737869, Tool 2, 0.000000, 0.000000, 0.000000,  0.000000, 0.000000, 0.000000, 0.000000
Frame 367, 2022-08-21-15-15-05.151175, Tool  1, -78.203583, -195.123901, -1741.966431, 0.545326, 0.306301, -0.252537, 0.738258, Tool 2, 0.000000, 0.000000, 0.000000,  0.000000, 0.000000, 0.000000, 0.000000
Frame 373, 2022-08-21-15-15-05.233180, Tool  1, -79.107216, -193.832626, -1742.426880, 0.543975, 0.307470, -0.252087, 0.738923, Tool 2, 0.000000, 0.000000, 0.000000,  0.000000, 0.000000, 0.000000, 0.000000
Frame 379, 2022-08-21-15-15-05.317185, Tool  1, -80.248749, -192.786118, -1743.523682, 0.542770, 0.306898, -0.251102, 0.740380, Tool 2, 0.000000, 0.000000, 0.000000,  0.000000, 0.000000, 0.000000, 0.000000
Frame 382, 2022-08-21-15-15-05.401189, Tool  1, -80.409714, -192.433411, -1744.035522, 0.542066, 0.305909, -0.251161, 0.741285, Tool 2, 0.000000, 0.000000, 0.000000,  0.000000, 0.000000, 0.000000, 0.000000
Frame 388, 2022-08-21-15-15-05.483194, Tool  1, -80.252014, -191.713715, -1744.603638, 0.541665, 0.305199, -0.251262, 0.741837, Tool 2, 0.000000, 0.000000, 0.000000,  0.000000, 0.000000, 0.000000, 0.000000
Frame 394, 2022-08-21-15-15-05.566199, Tool  1, -80.864128, -191.167114, -1746.011597, 0.539877, 0.302895, -0.250289, 0.744408, Tool 2, 0.000000, 0.000000, 0.000000,  0.000000, 0.000000, 0.000000, 0.000000
Frame 397, 2022-08-21-15-15-05.651204, Tool  1, -81.034317, -190.977844, -1746.470093, 0.539310, 0.302127, -0.250567, 0.745037, Tool 2, 0.000000, 0.000000, 0.000000,  0.000000, 0.000000, 0.000000, 0.000000
Frame 403, 2022-08-21-15-15-05.733209, Tool  1, -81.154877, -191.129883, -1746.537476, 0.539447, 0.303299, -0.249513, 0.744815, Tool 2, 0.000000, 0.000000, 0.000000,  0.000000, 0.000000, 0.000000, 0.000000
Frame 409, 2022-08-21-15-15-05.816213, Tool  1, -80.962822, -191.761063, -1747.465454, 0.539294, 0.302107, -0.248912, 0.745612, Tool 2, 0.000000, 0.000000, 0.000000,  0.000000, 0.000000, 0.000000, 0.000000
Frame 412, 2022-08-21-15-15-05.900218, Tool  1, -81.306908, -192.020279, -1747.197510, 0.539330, 0.302870, -0.248406, 0.745445, Tool 2, 0.000000, 0.000000, 0.000000,  0.000000, 0.000000, 0.000000, 0.000000
Frame 418, 2022-08-21-15-15-05.982223, Tool  1, -83.074776, -192.311005, -1746.099121, 0.536571, 0.303739, -0.248969, 0.746893, Tool 2, 0.000000, 0.000000, 0.000000,  0.000000, 0.000000, 0.000000, 0.000000
Frame 424, 2022-08-21-15-15-06.066227, Tool  1, -84.039375, -192.376068, -1745.193726, 0.535605, 0.303547, -0.249169, 0.747598, Tool 2, 0.000000, 0.000000, 0.000000,  0.000000, 0.000000, 0.000000, 0.000000
Frame 427, 2022-08-21-15-15-06.150232, Tool  1, -84.169235, -192.434372, -1745.052124, 0.535440, 0.303402, -0.249374, 0.747706, Tool 2, 0.000000, 0.000000, 0.000000,  0.000000, 0.000000, 0.000000, 0.000000
Frame 433, 2022-08-21-15-15-06.232237, Tool  1, -84.101883, -192.580750, -1745.006348, 0.536165, 0.303203, -0.248620, 0.747519, Tool 2, 0.000000, 0.000000, 0.000000,  0.000000, 0.000000, 0.000000, 0.000000
Frame 439, 2022-08-21-15-15-06.317242, Tool  1, -84.368599, -192.946701, -1745.262451, 0.535929, 0.303294, -0.248407, 0.747722, Tool 2, 0.000000, 0.000000, 0.000000,  0.000000, 0.000000, 0.000000, 0.000000
Frame 442, 2022-08-21-15-15-06.401247, Tool  1, -84.691017, -193.143188, -1745.453857, 0.535831, 0.303347, -0.247942, 0.747925, Tool 2, 0.000000, 0.000000, 0.000000,  0.000000, 0.000000, 0.000000, 0.000000
Frame 448, 2022-08-21-15-15-06.482252, Tool  1, -86.429428, -193.242203, -1745.731323, 0.534330, 0.302592, -0.247359, 0.749496, Tool 2, 0.000000, 0.000000, 0.000000,  0.000000, 0.000000, 0.000000, 0.000000
Frame 454, 2022-08-21-15-15-06.566256, Tool  1, -89.102013, -192.723434, -1745.442383, 0.533149, 0.303850, -0.246557, 0.750092, Tool 2, 0.000000, 0.000000, 0.000000,  0.000000, 0.000000, 0.000000, 0.000000
Frame 457, 2022-08-21-15-15-06.651261, Tool  1, -90.147026, -192.360596, -1745.551270, 0.533115, 0.303753, -0.245555, 0.750484, Tool 2, 0.000000, 0.000000, 0.000000,  0.000000, 0.000000, 0.000000, 0.000000
Frame 463, 2022-08-21-15-15-06.733266, Tool  1, -89.937119, -191.869659, -1746.494141, 0.533899, 0.300898, -0.245138, 0.751213, Tool 2, 0.000000, 0.000000, 0.000000,  0.000000, 0.000000, 0.000000, 0.000000
Frame 469, 2022-08-21-15-15-06.816270, Tool  1, -89.305138, -192.401917, -1746.592651, 0.534439, 0.301488, -0.245553, 0.750457, Tool 2, 0.000000, 0.000000, 0.000000,  0.000000, 0.000000, 0.000000, 0.000000
Frame 472, 2022-08-21-15-15-06.900275, Tool  1, -89.012962, -192.711426, -1746.236084, 0.534872, 0.301753, -0.245780, 0.749967, Tool 2, 0.000000, 0.000000, 0.000000,  0.000000, 0.000000, 0.000000, 0.000000
Frame 478, 2022-08-21-15-15-06.982280, Tool  1, -89.060806, -193.106583, -1745.525757, 0.534650, 0.302353, -0.246944, 0.749501, Tool 2, 0.000000, 0.000000, 0.000000,  0.000000, 0.000000, 0.000000, 0.000000
Frame 484, 2022-08-21-15-15-07.066285, Tool  1, -88.426659, -193.474930, -1745.074341, 0.534931, 0.301493, -0.248052, 0.749281, Tool 2, 0.000000, 0.000000, 0.000000,  0.000000, 0.000000, 0.000000, 0.000000
Frame 487, 2022-08-21-15-15-07.152290, Tool  1, -87.855469, -193.720276, -1745.035034, 0.535085, 0.300482, -0.248356, 0.749476, Tool 2, 0.000000, 0.000000, 0.000000,  0.000000, 0.000000, 0.000000, 0.000000
Frame 493, 2022-08-21-15-15-07.232295, Tool  1, -86.659760, -193.952850, -1744.395752, 0.535698, 0.302538, -0.249483, 0.747835, Tool 2, 0.000000, 0.000000, 0.000000,  0.000000, 0.000000, 0.000000, 0.000000
Frame 499, 2022-08-21-15-15-07.316299, Tool  1, -86.926636, -194.249466, -1745.026855, 0.535850, 0.302990, -0.249018, 0.747699, Tool 2, 0.000000, 0.000000, 0.000000,  0.000000, 0.000000, 0.000000, 0.000000
Frame 502, 2022-08-21-15-15-07.401304, Tool  1, -88.458015, -194.765747, -1745.246826, 0.536195, 0.304691, -0.248251, 0.747014, Tool 2, 0.000000, 0.000000, 0.000000,  0.000000, 0.000000, 0.000000, 0.000000
Frame 508, 2022-08-21-15-15-07.483309, Tool  1, -94.977646, -197.030426, -1745.569092, 0.536420, 0.310704, -0.243150, 0.746053, Tool 2, 0.000000, 0.000000, 0.000000,  0.000000, 0.000000, 0.000000, 0.000000
Frame 514, 2022-08-21-15-15-07.566313, Tool  1, -103.327873, -199.438858, -1746.700684, 0.534559, 0.311273, -0.236900, 0.749156, Tool 2, 0.000000, 0.000000, 0.000000,  0.000000, 0.000000, 0.000000, 0.000000
Frame 517, 2022-08-21-15-15-07.651318, Tool  1, -107.180954, -199.890259, -1746.520996, 0.531882, 0.311019, -0.236194, 0.751386, Tool 2, 0.000000, 0.000000, 0.000000,  0.000000, 0.000000, 0.000000, 0.000000
Frame 523, 2022-08-21-15-15-07.733323, Tool  1, -114.889496, -200.178436, -1744.784058, 0.527450, 0.313219, -0.235617, 0.753775, Tool 2, 0.000000, 0.000000, 0.000000,  0.000000, 0.000000, 0.000000, 0.000000
Frame 529, 2022-08-21-15-15-07.815328, Tool  1, -123.962334, -201.526352, -1743.141968, 0.523501, 0.315666, -0.233197, 0.756255, Tool 2, 0.000000, 0.000000, 0.000000,  0.000000, 0.000000, 0.000000, 0.000000
Frame 532, 2022-08-21-15-15-07.901332, Tool  1, -129.247711, -202.678452, -1742.566406, 0.521201, 0.317750, -0.230914, 0.757671, Tool 2, 0.000000, 0.000000, 0.000000,  0.000000, 0.000000, 0.000000, 0.000000
Frame 538, 2022-08-21-15-15-07.982337, Tool  1, -139.507126, -204.401184, -1740.644043, 0.516134, 0.323212, -0.226988, 0.760011, Tool 2, 0.000000, 0.000000, 0.000000,  0.000000, 0.000000, 0.000000, 0.000000
Frame 544, 2022-08-21-15-15-08.066342, Tool  1, -146.419876, -205.366470, -1738.474365, 0.509587, 0.325427, -0.227500, 0.763323, Tool 2, 0.000000, 0.000000, 0.000000,  0.000000, 0.000000, 0.000000, 0.000000
Frame 547, 2022-08-21-15-15-08.152347, Tool  1, -147.854630, -205.898254, -1736.394043, 0.507790, 0.329420, -0.229175, 0.762307, Tool 2, 0.000000, 0.000000, 0.000000,  0.000000, 0.000000, 0.000000, 0.000000
Frame 553, 2022-08-21-15-15-08.232351, Tool  1, -147.621475, -207.665787, -1734.632568, 0.507620, 0.333212, -0.229720, 0.760606, Tool 2, 0.000000, 0.000000, 0.000000,  0.000000, 0.000000, 0.000000, 0.000000
Frame 559, 2022-08-21-15-15-08.316356, Tool  1, -146.390106, -209.214188, -1733.169312, 0.507494, 0.336193, -0.231124, 0.758951, Tool 2, 0.000000, 0.000000, 0.000000,  0.000000, 0.000000, 0.000000, 0.000000
Frame 562, 2022-08-21-15-15-08.401361, Tool  1, -146.967697, -210.124161, -1732.123901, 0.506876, 0.338561, -0.230657, 0.758453, Tool 2, 0.000000, 0.000000, 0.000000,  0.000000, 0.000000, 0.000000, 0.000000
Frame 568, 2022-08-21-15-15-08.482366, Tool  1, -151.683228, -212.212875, -1729.373535, 0.503160, 0.344249, -0.228300, 0.759079, Tool 2, 0.000000, 0.000000, 0.000000,  0.000000, 0.000000, 0.000000, 0.000000
Frame 574, 2022-08-21-15-15-08.566370, Tool  1, -163.308426, -215.057983, -1721.470581, 0.492945, 0.364498, -0.219772, 0.758846, Tool 2, 0.000000, 0.000000, 0.000000,  0.000000, 0.000000, 0.000000, 0.000000
Frame 577, 2022-08-21-15-15-08.650375, Tool  1, -172.775681, -217.665039, -1713.378052, 0.487387, 0.392952, -0.202890, 0.752914, Tool 2, 0.000000, 0.000000, 0.000000,  0.000000, 0.000000, 0.000000, 0.000000
Frame 583, 2022-08-21-15-15-08.733380, Tool  1, -190.727829, -224.624283, -1701.405884, 0.474432, 0.428445, -0.177318, 0.748270, Tool 2, 0.000000, 0.000000, 0.000000,  0.000000, 0.000000, 0.000000, 0.000000
Frame 589, 2022-08-21-15-15-08.815385, Tool  1, -207.765182, -233.636414, -1699.704468, 0.457287, 0.422863, -0.164917, 0.764773, Tool 2, 0.000000, 0.000000, 0.000000,  0.000000, 0.000000, 0.000000, 0.000000
Frame 592, 2022-08-21-15-15-08.901390, Tool  1, -215.482452, -238.410858, -1696.488403, 0.451660, 0.426238, -0.156539, 0.767998, Tool 2, 0.000000, 0.000000, 0.000000,  0.000000, 0.000000, 0.000000, 0.000000
Frame 598, 2022-08-21-15-15-08.983395, Tool  1, -228.029877, -247.069855, -1677.689331, 0.444425, 0.471264, -0.129136, 0.750814, Tool 2, 0.000000, 0.000000, 0.000000,  0.000000, 0.000000, 0.000000, 0.000000
Frame 604, 2022-08-21-15-15-09.067399, Tool  1, -234.250168, -253.777283, -1653.235474, 0.439437, 0.527809, -0.110015, 0.718478, Tool 2, 0.000000, 0.000000, 0.000000,  0.000000, 0.000000, 0.000000, 0.000000
Frame 607, 2022-08-21-15-15-09.151404, Tool  1, -235.898804, -255.676804, -1646.602783, 0.436390, 0.537693, -0.112997, 0.712518, Tool 2, 0.000000, 0.000000, 0.000000,  0.000000, 0.000000, 0.000000, 0.000000
Frame 613, 2022-08-21-15-15-09.233409, Tool  1, -235.667755, -255.419724, -1642.177979, 0.430598, 0.527305, -0.138628, 0.719248, Tool 2, 0.000000, 0.000000, 0.000000,  0.000000, 0.000000, 0.000000, 0.000000
Frame 619, 2022-08-21-15-15-09.316413, Tool  1, -233.293396, -255.110657, -1640.073364, 0.426310, 0.520628, -0.153886, 0.723551, Tool 2, 0.000000, 0.000000, 0.000000,  0.000000, 0.000000, 0.000000, 0.000000
Frame 622, 2022-08-21-15-15-09.400418, Tool  1, -231.903687, -255.424301, -1640.016602, 0.426530, 0.520477, -0.157150, 0.722829, Tool 2, 0.000000, 0.000000, 0.000000,  0.000000, 0.000000, 0.000000, 0.000000
Frame 628, 2022-08-21-15-15-09.482423, Tool  1, -229.766937, -255.598358, -1643.929687, 0.427420, 0.513210, -0.160520, 0.726748, Tool 2, 0.000000, 0.000000, 0.000000,  0.000000, 0.000000, 0.000000, 0.000000
