,Time,x,y,z,qx,qy,qz,qw
0,0.016709544478527606,23.709753071735918,-415.60735642570864,-1586.7657342143286,-0.06379353292271588,0.6730296135147374,0.15930872328522697,0.7194322837361197
1,0.06683817791411042,23.746355444962916,-415.6464812825325,-1586.8199633137328,-0.06384831417935884,0.6733069939265012,0.15889941207873678,0.7192579937318349
2,0.11696681134969325,23.782957818189914,-415.6856061393563,-1586.874192413137,-0.0639030954360018,0.6735843743382649,0.1584901008722466,0.71908370372755
3,0.21722407822085887,24.12208776184181,-415.98156368880456,-1587.0668071927714,-0.06363698496547811,0.6732097325160569,0.15840438184499184,0.7194769224947167
4,0.3174813450920245,24.388751586465162,-416.41217381012837,-1587.0399384992268,-0.06428101787607124,0.6732211075868082,0.1572450965047666,0.7196633036813911
5,0.36760997852760735,24.62130853817183,-416.6249176266309,-1586.947830462719,-0.06395745593750783,0.6728625125764865,0.15718778585784396,0.7200399176270493
6,0.467867245398773,24.93351194947705,-417.27865605973454,-1586.6165207979802,-0.06347960681935655,0.672822137597397,0.15678557303866258,0.7202076053221513
7,0.5681245122699385,25.26514345848105,-417.73737255535565,-1586.5349118871957,-0.06363078177146685,0.6722741467000919,0.15607982074629667,0.7208589909584392
8,0.6182531457055214,25.3603347665714,-417.76479465305886,-1586.5571630739973,-0.06369546200067609,0.6722988422172973,0.15557641656051532,0.7209390636412977
9,0.718510412576687,25.46202886690328,-417.3297316133966,-1586.8762359997884,-0.06371242061323021,0.6736556956678562,0.15417628359081736,0.7199711138177581
10,0.8187676794478527,25.65078388828283,-416.0799038124479,-1586.7174933898398,-0.06470435139362539,0.6734652517787493,0.15316688718304527,0.7202762013477695
11,0.8688963128834355,25.71297375441074,-415.2626101419537,-1586.6136068971762,-0.06466846080246594,0.6738422127153284,0.15277198956594806,0.7200106816877176
12,0.9691535797546011,25.70994783619203,-413.29534920608603,-1585.5768766456354,-0.06549455058928808,0.673950319234292,0.15162820403841393,0.7200766061935273
13,1.0694108466257668,25.514710487001437,-410.84551860484464,-1583.5457747980502,-0.06741148398782706,0.6745657324085566,0.1493341486412642,0.7198028039235853
14,1.1195394800613496,25.124506164471867,-409.1227801800038,-1582.2620111251001,-0.06805785917030513,0.6739276997953892,0.14907866672645703,0.7203923475306443
15,1.2197967469325153,22.127513927302203,-404.1435475926113,-1578.906205274374,-0.06983596554195967,0.6734696245763311,0.14746502175803897,0.7209824339383996
16,1.320054013803681,14.574302318796697,-394.9294849697142,-1575.7697029195813,-0.07680553641723799,0.6777581663792517,0.1473130740545681,0.7162706441663572
17,1.3701826472392638,9.342292235463177,-388.4076484244391,-1574.168954783269,-0.0819490068430936,0.6777160182665296,0.1471569426930381,0.715772445040761
18,1.4704399141104294,-3.7775962829082914,-371.2184534315012,-1571.7335829521205,-0.09371789612125234,0.6755202830058735,0.14300404342045475,0.7172441333044638
19,1.570697180981595,-17.2686888972637,-348.18365870194134,-1572.6034031984834,-0.10100939641141135,0.673815941517539,0.1406588406036588,0.7183204503238575
20,1.6208258144171779,-23.354934598911555,-335.4817082635596,-1575.3478497476021,-0.10463448642714111,0.6712118586279554,0.1355870425304747,0.7212089981310363
21,1.7210830812883435,-36.34983041412069,-308.92760859967865,-1587.289178517908,-0.10911787426444372,0.6653997480850553,0.1289412996852067,0.7271248902354008
22,1.8213403481595092,-48.425950448276225,-280.8745899492118,-1608.0903525989263,-0.10676501173931069,0.6731930527478711,0.12649984018038962,0.7207011422459678
23,1.871468981595092,-52.96451531722083,-266.8336099390799,-1620.225421654702,-0.09792162782522514,0.6790550562789606,0.12724430164005357,0.7163131110388604
24,1.9717262484662577,-56.83026701234229,-237.07411034242853,-1645.5345718101682,-0.08929495908985974,0.6910833872604251,0.12657344236615867,0.7059811086859041
25,2.0719835153374233,-55.136588571035475,-209.2684195501406,-1667.6032460939268,-0.08866364486582175,0.6928377788139303,0.12249756077798547,0.7050595137509532
26,2.1221121487730064,-52.89732383943668,-196.94616228019214,-1677.0717193301894,-0.0894454854819278,0.6934275280099671,0.11859099765623858,0.7050488946163851
27,2.2223694156441716,-46.04484753385542,-175.57368458474724,-1692.7350988768012,-0.08593550789325237,0.695239205940903,0.11378062389473505,0.704493793181967
28,2.322626682515337,-37.14031842029463,-158.31879333774702,-1703.7206129792496,-0.07999507028544156,0.6945009128587206,0.112296243196712,0.7061577901095023
29,2.37275531595092,-32.293989707110114,-151.57059878581072,-1707.9427765202993,-0.07479746335550982,0.694472850520705,0.1121571045582858,0.7067768977989657
30,2.4730125828220855,-21.949588674307165,-141.29477885104583,-1714.0278589559457,-0.06543726519930035,0.6945105538637485,0.11147114190768241,0.7077762636715808
31,2.573269849693251,-11.296590435627593,-135.63022337880798,-1717.4420377382335,-0.05486957145777932,0.692970839818951,0.11146492565215688,0.7101804810314182
32,2.623398483128834,-6.484801429473194,-134.47769238079593,-1718.3787484023944,-0.0489979876405796,0.693129745381645,0.11089582506883386,0.7105437841939455
33,2.72365575,1.337500625515517,-133.7869918011435,-1718.932737114638,-0.040193217323676665,0.6924221027588983,0.11201651785583043,0.7116097502280108
34,2.8239130168711655,7.190048538431142,-134.76966819322357,-1717.8623567468612,-0.03142681562461518,0.6904873279816807,0.11198520630223997,0.71393201267758
35,2.874041650306748,9.104280111055118,-135.12885611795457,-1717.7226913325055,-0.028094379326466485,0.6904264608545194,0.11180858893049768,0.7141574388351174
36,2.9742989171779137,11.795650995678677,-133.91976457096987,-1717.702234380745,-0.0247917286356444,0.6914327171183718,0.11343980433921678,0.7130480900199105
37,3.0745561840490794,13.454267843049323,-131.77466704832446,-1717.728846993086,-0.023785265006883924,0.6913936418593939,0.11442587854717934,0.7129626999245211
38,3.1246848174846624,14.174175838497042,-131.12321272594974,-1718.0191196318394,-0.02265608642975726,0.690927540490419,0.11539745819324676,0.7132946531287654
39,3.224942084355828,15.40382211665775,-130.9655951125897,-1718.059537816001,-0.022612624097464704,0.6905235856378654,0.1126127724473774,0.7141317878311871
40,3.3251993512269937,16.15431346077485,-130.85942791951734,-1718.157465632356,-0.022052811387310207,0.6905778032078982,0.11158276976432441,0.7142585363285417
41,3.3753279846625763,16.38549409594922,-130.7308753783028,-1718.0240104088903,-0.021158220062685484,0.6903796480827644,0.11230510792579114,0.7143639366392132
42,3.475585251533742,16.445757812106955,-130.388477598784,-1717.9827527877103,-0.020842900443925214,0.6905053583464759,0.11247622708126212,0.7142247698991222
43,3.5758425184049076,16.50386483768208,-130.3530198885477,-1717.562836378088,-0.02207557169310396,0.69056620726432,0.11178422637559426,0.7142375439954166
44,3.6259711518404907,16.634203456534998,-130.4659081156554,-1717.4090678791506,-0.021943823144027305,0.6904122393738773,0.11116283832834202,0.7144873908777947
45,3.7262284187116563,16.399970091959844,-130.43306026493516,-1717.222966011986,-0.022878644626066272,0.6900039311887356,0.11115045597198894,0.7148543339040365
46,3.826485685582822,15.754947123082992,-129.97738603846201,-1717.0602498504854,-0.0250483632818145,0.6903895006449513,0.11103930558866837,0.7144264759305211
47,3.8766143190184046,15.413960951580378,-129.61459335080062,-1717.1530874953266,-0.025933452902948725,0.6900285903815798,0.1112188490715373,0.7147155854518236
48,3.9768715858895702,15.224458357386908,-128.7811600019298,-1717.042773821069,-0.025882893380963005,0.6895407841905411,0.11186734495712786,0.7150869037399344
49,4.077128852760736,14.545399062078971,-127.81058517617684,-1716.8379416224727,-0.026692102454915347,0.6885359127531296,0.11251045266904634,0.7159240368614237
50,4.127257486196319,14.14671440214731,-127.30823315145823,-1716.800469931492,-0.02720188791545438,0.6887281716510069,0.11226491451083795,0.7157584451740479
51,4.227514753067484,13.551000115226294,-126.43681960799842,-1716.6803771774457,-0.029031534058190752,0.6874698123778556,0.11154484591827582,0.7170077924600627
52,4.32777201993865,13.008622817034194,-125.38006449829302,-1717.2700246168945,-0.03083479914079603,0.6871027773995853,0.11053893728708437,0.7174399848037221
53,4.377900653374233,12.74111626579284,-124.72676613503609,-1717.7430434760906,-0.030821765231627676,0.6872334815492203,0.11126466191879168,0.7172031341494828
54,4.4781579202453985,11.923724333781195,-123.25667407224834,-1718.5434122218744,-0.03232797910633908,0.6869341247805889,0.11209282781430542,0.7172946451294745
55,4.578415187116565,11.260202379393206,-121.83573121365473,-1718.7850303700661,-0.032897141515505324,0.6871230261019267,0.11333879014319402,0.7168919330899998
56,4.628543820552147,11.169030086014772,-121.23014068639284,-1718.9257774792184,-0.03215255661115272,0.6869395083810654,0.11448259923583068,0.7169198416843787
57,4.728801087423313,11.16369924469548,-120.00276027654132,-1718.8097815324825,-0.0330257460759811,0.6865904907063994,0.1151454259442106,0.7171083105443672
58,4.829058354294478,11.389240813640185,-119.22060869578337,-1718.771545984901,-0.03300816602065766,0.6866209759213625,0.1159564834091657,0.716949224391887
59,4.879186987730061,11.618484286601529,-119.1059155239083,-1718.8744416158688,-0.033077096789609906,0.6868049632957418,0.11537996187407469,0.7168628268073626
60,4.979444254601227,12.268729221172123,-119.02986165957896,-1719.0357529438238,-0.03245873197282274,0.6872901135512615,0.11520609657329267,0.7164539663130883
61,5.079701521472392,12.555901182039293,-118.65669123077677,-1719.2659137469088,-0.0325330389529879,0.6868228893086272,0.11593455731786968,0.7167810673544205
62,5.1298301549079754,12.421189648847857,-118.33738891427222,-1719.4197337952103,-0.033305226304108725,0.6871470170211402,0.11575614013034773,0.7164637150071902
63,5.230087421779141,12.245706681063226,-117.69130907059268,-1719.610644233704,-0.03495620144995031,0.6861302615872499,0.11629444254164922,0.7172718666923508
64,5.330344688650307,12.131369408636345,-117.46965890875164,-1719.9918524224938,-0.035289707790775185,0.6860117722806243,0.11653470649553654,0.7173298732092773
65,5.380473322085889,12.12069575659477,-117.41986660365365,-1720.0951110972942,-0.03520785386546816,0.6866924035870542,0.11667971784956592,0.7166587704930206
66,5.480730588957055,11.803217492423656,-117.06369922297026,-1720.0391234824983,-0.03562619148591796,0.6867109367895464,0.117400069120735,0.716502677974255
67,5.580987855828221,11.062763859974908,-116.346822629171,-1719.680123157974,-0.03652632582169824,0.6861393691337452,0.11920794329966751,0.7167063972792321
68,5.631116489263803,10.4160293910668,-116.07935138814932,-1719.8754184143784,-0.036291774104368284,0.686577527815748,0.12010032891788346,0.7161495070336845
69,5.7313737561349685,9.370198305017169,-115.29283962477496,-1720.1778212326794,-0.03758398984055172,0.686699079918942,0.12115373704813398,0.7157887882227657
70,5.831631023006135,9.166936455767157,-114.36852467413681,-1720.5656487079837,-0.03802595595151395,0.6865712728026816,0.12140698575127373,0.7158451353797617
71,5.881759656441718,9.133920596515964,-113.81891864392435,-1720.7509007309004,-0.038425909971421944,0.6860969630417876,0.12173967770326732,0.7162219332165197
72,5.982016923312884,9.380455285273726,-112.9149789196489,-1721.330573619166,-0.038511162595514924,0.6870394477154629,0.12189881656000039,0.7152862127565753
73,6.082274190184049,9.332770447988054,-111.79051357532471,-1721.2927027083103,-0.04038065736377465,0.6856699433167135,0.12342497685202407,0.7162348821664593
74,6.132402823619631,9.163886862240389,-110.99721050563655,-1721.408626395246,-0.04234521672250079,0.68517722299162,0.12367280276558804,0.7165501333265667
75,6.232660090490797,8.85340550857127,-109.36970031527316,-1721.979605253904,-0.04667215238558555,0.6839633524803992,0.12331885196877762,0.7175014309425263
76,6.332917357361962,8.604812081865916,-107.30250310656841,-1722.6264581561989,-0.05039617945202793,0.6831320203648845,0.12335989658261154,0.7180342636420335
77,6.383045990797545,8.247044118513315,-105.93869410434735,-1722.7948659817364,-0.052488784168449674,0.6812633107383206,0.12455118505233534,0.7194527304002948
78,6.4833032576687115,6.81604242517146,-103.00498622063316,-1722.7747627713088,-0.05783249610383031,0.6784727083632659,0.12481309421536323,0.7216314003097442
79,6.583560524539877,5.417618688566762,-100.10178515945265,-1722.2422369063538,-0.058963790026543055,0.6786892220820545,0.12746860230660392,0.7208716714654296
80,6.63368915797546,4.8037661822430096,-98.55826998195721,-1721.7574798996054,-0.06028023190789157,0.6775537524541473,0.12878958258001416,0.7215957660597107
81,6.733946424846625,2.8472929401882965,-95.9005619044409,-1720.5677092711605,-0.06517905420490151,0.6739993056517198,0.12918254668065257,0.7244228713307269
82,6.834203691717791,0.7618099900131625,-93.92443687365545,-1720.4075119134202,-0.06660987906447963,0.6754434494630371,0.13028514094137528,0.7227482636702596
83,6.884332325153374,0.2535660742382788,-93.13205094341467,-1720.1780584631103,-0.06735199498933743,0.6752322416649356,0.13125172784891798,0.7227019527604557
84,6.984589592024539,0.36498415805387197,-92.42453531781798,-1720.2261683523072,-0.06666894218186989,0.6750490575385882,0.13152907153310087,0.7228859698501934
85,7.084846858895705,0.40751206088751246,-92.3459966726874,-1720.2956500338532,-0.06617587153151454,0.6754523748240934,0.13173006954248326,0.722517842097944
86,7.134975492331288,-0.6907098320340737,-92.52463290961357,-1720.2088852025477,-0.0669190053956334,0.6742279905543912,0.13247115123863587,0.7234568802349989
87,7.235232759202454,-8.039193231876112,-93.39626574812603,-1720.320920556469,-0.07021507705305212,0.6724499465688677,0.1356182140936923,0.7242158603068551
88,7.335490026073619,-24.866384134121418,-94.13046727644841,-1722.1506074039314,-0.07780431666992188,0.6692139376337004,0.14636049159546755,0.7243464643968779
89,7.385618659509202,-36.542332768580536,-94.2609993643769,-1724.5607427821676,-0.08325728458163861,0.668153963494586,0.1520684578638267,0.7235424588463935
90,7.485875926380368,-63.423740511171914,-92.97986345079306,-1733.3669396726889,-0.09538593651852119,0.6634567531955752,0.16380810343670588,0.7238049219245057
91,7.586133193251533,-91.11168236392425,-88.26852113331913,-1749.7570432864327,-0.10766714762839598,0.6621295531637815,0.17239272183536625,0.7212995144923434
92,7.636261826687115,-104.25716423358354,-84.60575394505697,-1761.0650937059963,-0.1119719468226696,0.6631078006050303,0.17477129141902517,0.7191698850739142
93,7.7365190935582815,-128.75263817291594,-74.02315940988566,-1789.5513223343237,-0.12379497133925253,0.6666489753791551,0.17453224740984008,0.7139975093171591
94,7.836776360429447,-150.17061259757523,-58.05630769500141,-1824.7552080786186,-0.14054911292490785,0.6724145347768319,0.17322542451089748,0.7057602939949921
95,7.886904993865031,-158.59318476816935,-48.55780939410573,-1843.8935173352918,-0.14929458989839609,0.6760664064964476,0.17094214266683735,0.7010164928833846
96,7.987162260736196,-171.25716855018993,-25.94989962650824,-1883.5507860352186,-0.16770804695332692,0.682915503212658,0.16581679884094233,0.691379212647477
97,8.087419527607361,-179.18567553640327,-1.0140682275227277,-1922.4825426961563,-0.18560008938197872,0.6878373900241168,0.16179368335252636,0.6828287748282399
98,8.137548161042945,-180.73645269465754,11.182275098782128,-1941.9992570518275,-0.19090531574358252,0.692547477512855,0.15967841317982476,0.6770789881363902
99,8.23780542791411,-178.50385962651484,35.246995543614716,-1978.092974702827,-0.19954377703512624,0.7000571211202159,0.1544686904842458,0.6680132722300609
100,8.338062694785275,-170.14072151808762,56.67210013657913,-2010.962957685702,-0.20397446388958285,0.7046168521205347,0.14900894532182907,0.6631031925747166
101,8.388191328220858,-163.83823414729346,66.03569604670314,-2026.4105887014266,-0.204720624776163,0.7079850142634627,0.14557361775812652,0.6600416707924074
102,8.488448595092025,-148.73351241319025,81.1442885700374,-2055.0057868371296,-0.20608598071879183,0.7126687162853619,0.13518478833673783,0.6567776963187006
103,8.58870586196319,-131.817281722911,92.90887131499863,-2078.5865275721244,-0.20530099896990014,0.7145832495894741,0.12387465880257889,0.6571737579473583
104,8.638834495398772,-123.61710555228525,97.55591701010144,-2088.170558795206,-0.202153894401099,0.7147312413609922,0.11948370086527019,0.6587994390014181
105,8.739091762269938,-109.84227166230833,105.0390034544872,-2104.905442675492,-0.198449046579134,0.7148170212991904,0.11294366977134881,0.6609828510872017
106,8.839349029141104,-100.43538869943387,110.08172587447065,-2117.390282363828,-0.1977829528232915,0.7168801185933232,0.10518288189722136,0.6602282639314357
107,8.889477662576686,-96.86253994326992,112.24110472494846,-2121.7273854831906,-0.19668344195474124,0.7153097825202962,0.10553725315051936,0.6622004431356456
108,8.989734929447852,-88.62906993046289,114.808827641411,-2128.131070141298,-0.1942646130334766,0.7165814482314873,0.10127295309031646,0.66220546444875
109,9.089992196319017,-80.18292634708818,115.3729446109002,-2131.0320701928126,-0.18996544076660848,0.7165051479745269,0.09711352276515874,0.6641554546463428
110,9.1401208297546,-76.93620075742017,115.52016093508196,-2132.0543899538825,-0.18793351325031005,0.715659006246935,0.09605167305710119,0.6657982107800956
111,9.240378096625767,-73.87821927852566,115.87681449555066,-2133.266028953137,-0.1862550338079655,0.715204403119583,0.0953964381242302,0.6668517404436796
112,9.340635363496933,-72.1070140335952,116.6334895849675,-2133.850637712232,-0.18960316721536477,0.7117494011565408,0.09459350896129953,0.6697129959897722
113,9.390763996932515,-70.7828823275627,116.81169580304443,-2133.8294862550297,-0.1879890210401152,0.7129491387135362,0.09381606675653344,0.6690008962582485
114,9.49102126380368,-68.52731127118082,116.74207727898334,-2133.3596748490277,-0.18424067406396333,0.7144820485688131,0.09509345505635138,0.6682275144730381
115,9.591278530674847,-66.97039508920763,116.3387496884059,-2132.758315489812,-0.18388731069745445,0.7146061823770439,0.09369770876691676,0.6683892581757992
116,9.64140716411043,-66.30397202029164,115.99666441609301,-2132.336745229071,-0.18317921802376436,0.7143697044059318,0.09354285666613213,0.6688580069625563
117,9.741664430981594,-65.43813838698581,115.30141794808534,-2132.8460767118454,-0.18283951172433147,0.714849422711073,0.09329958045184153,0.6684722911905654
118,9.84192169785276,-65.21321393225958,115.25202761152337,-2132.549785637644,-0.18261648466901104,0.7147156178024594,0.09391559869746945,0.6685900578962248
119,9.892050331288342,-65.35535056656475,115.20972395363009,-2132.470722600947,-0.1813250081107956,0.7150518914631804,0.09462730970505517,0.6684816423855867
120,9.99230759815951,-65.70544795421888,115.1841410444884,-2131.502476065298,-0.18161050417241317,0.714135494816616,0.09459117705425062,0.6693882498526249
121,10.092564865030674,-65.89371410926444,115.16168580021633,-2130.9278895533034,-0.1812459860753558,0.7136840676374441,0.09517586721303234,0.6698854367966894
122,10.142693498466256,-65.85231664976098,115.28980224587507,-2130.6534618768,-0.18086633505030544,0.7132444798731035,0.09582911051652036,0.6703629333082413
123,10.242950765337422,-65.78252898744918,115.15345491399475,-2130.536101131795,-0.18095749187557195,0.7131230695704893,0.09580563658576541,0.6704708448388055
124,10.343208032208588,-66.02623456104715,114.99374846048586,-2130.728281287441,-0.1808101298355173,0.7144624945824165,0.09574248196244632,0.6690922342484663
125,10.393336665644172,-66.32458031173834,115.12699029677984,-2130.3548956386026,-0.18144977980907395,0.7138481297377944,0.09535197996207168,0.66963036445072
126,10.493593932515337,-67.48168530396298,115.30804906298124,-2129.2688592906575,-0.18164932007064866,0.7141773706636534,0.09662911930560533,0.6690418679365625
127,10.593851199386503,-68.99123424207941,115.23578667264883,-2127.917710157301,-0.18179559455074618,0.7128307016122962,0.0983015468728772,0.6701936723987041
128,10.643979832822085,-69.86792171051145,115.04999453765868,-2127.632402526912,-0.181858435765525,0.7137479528100884,0.09846332538554627,0.6691758683293536
129,10.744237099693251,-72.00722560901131,114.62369904824949,-2127.187415275388,-0.18130127900011186,0.7142457244383469,0.10174582248505505,0.668304331095725
130,10.844494366564417,-74.21513388358998,114.02160316458067,-2126.7578069388005,-0.18285327239497692,0.713923132471382,0.10219648395079682,0.6681574068771463
131,10.894623,-75.27254741333239,113.79126801135378,-2126.8533855166265,-0.1838001751974,0.7146302373426602,0.10278820539199962,0.6670500013531746
