,Time,x,y,z,Rx,Ry,Rz
0,0.016686498509687037,-145.62851954813686,-297.61349858529655,-1871.3247368329282,-0.5833047113842498,2.208788460707947,0.8985806189092548
1,0.06674599403874815,-144.36486576514432,-295.1197835970629,-1875.1374380205252,-0.5629765492273421,2.2684609974715797,0.9000199145426862
2,0.11680548956780926,-143.10121198215177,-292.62606860882926,-1878.9501392081222,-0.5426483870704344,2.3281335342352123,0.9014592101761175
3,0.21692448062593145,-139.11801533633732,-284.3756072330146,-1893.2334558215546,-0.46534248030287717,2.4781060218389768,0.9109086635404308
4,0.31704347168405367,-131.95562438541523,-275.7985874618991,-1916.1578735397102,-0.3509317826444366,2.6343262282095092,0.9103064437200532
5,0.3671029672131148,-128.0633742815093,-272.5313968683992,-1929.768000563783,-0.30843261264971655,2.6977918551938584,0.8964386489459927
6,0.467221958271237,-121.43846040060333,-267.0535824269482,-1961.6630760150474,-0.21581885999863196,2.8133569613874316,0.8473053439861624
7,0.5673409493293592,-115.2657674950686,-260.9503835301157,-1996.694306596618,-0.17257653046037036,2.873361156344129,0.776919889076276
8,0.6174004448584204,-111.50533536145863,-257.0281094021558,-2013.977206648179,-0.15640888058139868,2.8889016367658447,0.7391505669948917
9,0.7175194359165425,-102.82098911854565,-245.10191113656006,-2047.819638898722,-0.10574943098341119,2.924458324039499,0.6932051571167797
10,0.8176384269746647,-94.36933521333998,-230.41691821873206,-2081.630031740015,-0.03965509883461682,2.9612145949022266,0.6683513243534596
11,0.8676979225037258,-90.39667279192308,-222.47496897575235,-2097.827964163768,-0.02423790657964189,2.9647075359314603,0.6629891518066076
12,0.9678169135618481,-82.75353697519307,-207.96828306904996,-2124.483356062455,-0.0044303905093044035,2.965241988715048,0.6457806376702947
13,1.0679359046199703,-76.59061463955871,-195.4972026539886,-2140.4188460196237,0.018644421646154277,2.966272731460976,0.6501633211153184
14,1.1179954001490313,-73.32951740413918,-189.39916779088756,-2144.8024434331937,0.027603367019437865,2.9604590833202806,0.6628174622542922
15,1.2181143912071537,-68.18379643692542,-177.6272371199804,-2150.255750642204,0.05393356080649242,2.9569787463604307,0.6855199727515978
16,1.3182333822652759,-65.71420115048531,-168.19953499624478,-2154.2818623527733,0.06535337667316078,2.964925080693845,0.688422413502704
17,1.3682928777943368,-63.843238341943774,-164.26730975213133,-2155.905848286908,0.0800411948498908,2.962605047752655,0.6880433143779564
18,1.4684118688524592,-60.1383274997438,-158.46260420313786,-2158.3848818381025,0.10044255316727903,2.96375887520952,0.684509808438448
19,1.5685308599105814,-58.41501850308589,-152.92446055093666,-2160.5757524682526,0.0954750857105377,2.9608917685254714,0.6731442825522242
20,1.6185903554396424,-57.24905069372762,-149.38472601954754,-2161.492320734062,0.09867764694270402,2.9608698760504017,0.6697719919582668
21,1.7187093464977645,-54.2106610885203,-141.92887760676345,-2162.9697563973696,0.10623828927148701,2.9570760483536715,0.6682703548948404
22,1.8188283375558867,-52.84034081617656,-135.4592717762156,-2164.131074367739,0.09460827070585626,2.9558561050320202,0.6709908258651291
23,1.868887833084948,-52.38992124571355,-132.77173299917476,-2164.677656361857,0.09752927150168143,2.9570847008760612,0.6777635106734525
24,1.9690068241430703,-51.49235268048594,-128.77829376093655,-2166.126555312284,0.09815143114569089,2.9605205713300013,0.6885299631403518
25,2.0691258152011924,-49.708500014060846,-124.87908755901948,-2166.9592769738247,0.0991530438200399,2.956483687470272,0.7059125109838947
26,2.1191853107302534,-49.48551275529959,-123.07392200897493,-2166.3088422996,0.0964928980693485,2.9553791447337074,0.7225523041315836
27,2.219304301788376,-49.436411638390084,-119.56920228112946,-2165.088746730168,0.09094429234121867,2.9593300129178615,0.7403636143882374
28,2.3194232928464977,-49.41953896777941,-114.68661283755678,-2161.4876170310645,0.09780362354471675,2.95806839293762,0.7712551833377883
29,2.3694827883755587,-49.748734117762055,-112.27869432867503,-2159.0657878451916,0.09195407192527963,2.9543240829691797,0.792771509162759
30,2.4696017794336815,-47.640134597292125,-107.73267253143175,-2155.0668346056245,0.09242756503193773,2.945859524267052,0.8182924713175713
31,2.5697207704918035,-45.492086266227744,-102.97383470041942,-2151.158509479195,0.09446597211264778,2.927408376507634,0.8454923531886509
32,2.6197802660208644,-45.136414925380684,-100.24894982076653,-2148.9016366061455,0.08890442564479155,2.9188875501363296,0.8728627676791153
33,2.719899257078987,-43.234441011844766,-95.5646675827703,-2146.3652547003767,0.08917115165056622,2.9059335763243235,0.9052818072083081
34,2.8200182481371088,-41.031048771447004,-91.4299972357132,-2143.4587360839046,0.0947658188402693,2.8881286727683007,0.9410863245491597
35,2.87007774366617,-40.32686373406798,-88.9952413190105,-2141.3554174644228,0.08969047722954832,2.8800694236737687,0.9678328882430426
36,2.9701967347242926,-35.99116201418481,-83.61176208690819,-2139.2923616173653,0.09701218508907385,2.8607935319342404,0.9900241763713318
37,3.0703157257824145,-33.97615762265897,-77.49100946299937,-2135.107056330325,0.1066094596875867,2.8476455130446356,1.0316437587876055
38,3.1203752213114755,-33.01241339927212,-74.44932264622906,-2132.9700878903636,0.10913932827372588,2.8414134191508182,1.052073039054454
39,3.2204942123695983,-32.78220607172373,-68.7848330195721,-2129.211654931388,0.11466697163627801,2.84084411657555,1.074115718763233
40,3.3206132034277203,-33.098158929313314,-63.624111115432896,-2127.323327765876,0.11389242399373392,2.8355240731200757,1.0914683599349069
41,3.3706726989567812,-33.13994023035305,-61.69415702357156,-2126.947252485961,0.1147823640224974,2.830996100176184,1.1020926371286914
42,3.470791690014903,-32.60259677617579,-59.88493802398676,-2127.624722134741,0.10856105972187428,2.83279781522138,1.09459435303399
43,3.5709106810730256,-32.67919351584019,-57.91222748596443,-2128.593608236162,0.10215808905833179,2.832191563148479,1.0845129237306987
44,3.620970176602087,-33.01685575565465,-56.69424354497728,-2129.284411615795,0.0960419314393994,2.8266297162298812,1.0829358221286034
45,3.721089167660209,-32.91128455387501,-53.760783048504535,-2131.5298209324637,0.0958904349616599,2.8250241572212804,1.0740970973244568
46,3.8212081587183313,-32.99222806524291,-50.53036211043195,-2133.9020431496238,0.09189588682451263,2.823306790682692,1.0674722513881918
47,3.8712676542473923,-32.7091951687027,-48.743385394708156,-2135.101721396044,0.08743003969512335,2.8202308592743552,1.066599386947439
48,3.9713866453055147,-32.59960002860978,-45.4883847705907,-2135.210319035403,0.0909752586789833,2.823631637350128,1.067047292560822
49,4.071505636363637,-32.561955483661386,-43.62963947007756,-2135.2798967654644,0.086974447372911,2.8302012651004755,1.058624702192744
50,4.121565131892697,-32.80469895240263,-42.86608937377997,-2135.278962089282,0.08792688622933145,2.8307948323862235,1.0569082879842824
51,4.22168412295082,-32.767220742241165,-42.34104845941929,-2135.283179045807,0.0905947366393878,2.8344681946046877,1.0502259955921442
52,4.321803114008943,-32.59721527088682,-42.49511083397942,-2135.4751880665312,0.08994905225869433,2.836161217990921,1.0502816171946605
53,4.371862609538003,-32.30368349279845,-42.51328341664864,-2135.4463837011235,0.09018110116659263,2.8358730621719825,1.0518612529370568
54,4.471981600596125,-32.38740894703615,-42.65199725337839,-2135.5205168521798,0.08894875911809737,2.838549038837069,1.050999460938658
55,4.572100591654247,-32.43023856715428,-42.55237866876952,-2135.5133782057082,0.088175382404608,2.8393828534303616,1.0496803192947584
56,4.622160087183309,-32.484386473330545,-42.359394972663296,-2135.6034003976906,0.08894734517775553,2.839654504455534,1.050595657162043
57,4.7222790782414314,-32.42472558416198,-42.4257316400669,-2135.535918365596,0.08919648372609214,2.8408263038830124,1.049562149438084
58,4.822398069299553,-32.434880509252,-42.344850440934664,-2135.4878314703683,0.08951213775214971,2.841178749947661,1.0496551269928431
59,4.872457564828615,-32.465497036894874,-42.32403174976407,-2135.506021510834,0.08951115510694081,2.8423374339816396,1.0492937832031297
60,4.972576555886737,-32.50336580043497,-42.1135103392179,-2135.5930679220965,0.08880153600980681,2.844259758277635,1.0488590734815824
61,5.072695546944859,-32.37542838064014,-41.842378830980735,-2135.4977606500224,0.08861423709713757,2.8449979843741575,1.0489341939366958
62,5.12275504247392,-32.595556939476886,-41.67590109179358,-2135.585814564738,0.09023087054113199,2.8457345455276712,1.0507310907440746
63,5.222874033532042,-32.26977368230776,-41.46711891059079,-2135.625672874363,0.08870233510381528,2.846098504241557,1.0519276798105772
64,5.322993024590164,-32.28428212408913,-41.50619722359548,-2135.6083659545075,0.08843514884865665,2.848188334313776,1.0516474209181963
65,5.373052520119225,-32.37437789858381,-41.60729922351808,-2135.585904719091,0.08827910453124702,2.848708952073,1.0505956239440446
66,5.473171511177347,-32.34157945507073,-41.58668184871713,-2135.5576789929914,0.08851210192298796,2.8480094656287,1.0506170135227293
67,5.57329050223547,-32.32524987820223,-41.74470790412576,-2135.6762350634917,0.08869114274110594,2.8480664896936636,1.0523016712071478
68,5.623349997764531,-32.240520356727316,-41.863390164709465,-2135.6691971847513,0.08850580079012713,2.847642116356627,1.0520147567126372
69,5.723468988822653,-32.23689237786405,-41.82820219957824,-2135.6788883449058,0.08824353685590501,2.847226340796426,1.052851174610514
70,5.8235879798807755,-32.29780065069929,-41.88033784203619,-2135.7190116797215,0.08861797675749691,2.849083162052335,1.0535947314838234
71,5.873647475409837,-32.47346559761737,-41.856994747472235,-2135.9335126761844,0.0880475042211455,2.8528090237137986,1.0552255234504533
72,5.973766466467958,-32.25575424460312,-43.726173267755364,-2136.0512989567446,0.07795852956514306,2.8609487761099754,1.0599656373986008
73,6.073885457526081,-32.39604759603228,-49.135798629567745,-2135.4814214338617,0.0949166736433442,2.880384225766941,1.078927348898785
74,6.123944953055142,-31.93472362822605,-52.736023914241564,-2134.5569432072,0.1158125046169322,2.8931296233343806,1.0930025297051713
75,6.224063944113264,-32.25870989417474,-62.01310938123275,-2129.8002576142003,0.1486830827803731,2.9089841730074917,1.1164087976858217
76,6.324182935171387,-37.39305881537334,-74.08886272548023,-2118.17267711626,0.14905782198321826,2.9065483278158575,1.1504882631663291
77,6.374242430700447,-40.708710194407985,-81.54896524556744,-2108.829415720038,-0.15421163709728292,-2.9073873100227767,-1.1720674048670217
78,6.474361421758569,-49.591292217229636,-97.05647830085732,-2084.0136514975816,-0.14839364657163406,-2.8579494232241824,-1.2143602956274802
79,6.574480412816692,-57.731261441424884,-114.81585451260034,-2052.6680596976594,-0.1278130666962958,-2.8220966301963544,-1.2595257598642255
80,6.624539908345753,-61.391314407589846,-124.21769033532217,-2035.0876714385504,-0.12434208989271354,-2.802910401112183,-1.2870416572887549
81,6.724658899403876,-67.4574659934608,-143.96173994280875,-1997.1375084868293,-0.10673761450697411,-2.7726534618337055,-1.3408687795624887
82,6.824777890461997,-71.02015734117074,-162.68462480232128,-1956.1916389802877,-0.09461315212323827,-2.7387621704356473,-1.4015500230821274
83,6.874837385991058,-71.66701145773311,-171.62357077941022,-1935.046850899224,-0.09752257452760563,-2.7204861282890542,-1.4381728832856322
84,6.974956377049181,-71.70263614724362,-189.27821940159703,-1891.747899695406,-0.09200177324526108,-2.6938683676256696,-1.5163518450194926
85,7.075075368107303,-70.56677123892003,-203.24738786784656,-1846.7381857564055,-0.08325209400305872,-2.6658739085631913,-1.5992874115485471
86,7.125134863636364,-69.70809368677463,-207.88225748683743,-1823.8219748002573,-0.08225095862894281,-2.650142225726049,-1.64502918438983
87,7.225253854694487,-68.25215949058072,-211.13180602348646,-1780.1758450222014,-0.06683466041614079,-2.6199917011925025,-1.7252802064358075
88,7.325372845752608,-68.64685180224649,-204.317810672984,-1742.3760856603087,0.009104653163914136,2.561246767119362,1.7748986499305837
89,7.37543234128167,-68.70146694392263,-197.58142206737605,-1726.215043514568,-0.02579065615155042,2.527891952159689,1.7986737722346198
90,7.475551332339792,-66.91916494077194,-179.4645559126244,-1701.0540846087388,-0.07138372505302995,2.4753671169728864,1.8458576098680348
91,7.575670323397914,-63.83027354486898,-159.44724602291106,-1686.207489784704,-0.11172003422000822,2.416216642582554,1.8807033017761294
92,7.625729818926976,-62.34719018889677,-149.97051933738211,-1681.9070744145374,-0.13801076229768966,2.388604187581259,1.8918981859851804
93,7.725848809985097,-59.538251970330556,-131.1850724311774,-1676.516246058929,-0.17582605625758294,2.3435044537000826,1.920190364662302
94,7.82596780104322,-57.384904388595615,-114.00224672973803,-1674.927651558099,-0.20987284877784637,2.294325000946054,1.9531073936194927
95,7.876027296572281,-56.47957589094945,-106.51524311925036,-1675.947660469169,-0.2315369949116687,2.2669188667276776,1.9639099238221878
96,7.976146287630403,-54.39461447637035,-93.03749238322472,-1680.8860014704553,-0.2800839202938266,2.2163386119402797,1.978765076637341
97,8.076265278688526,-51.26940162460521,-80.55495518945955,-1688.6410456520452,-0.3276954142291403,2.1766653776328084,1.9763171597447133
98,8.126324774217586,-49.51808348833228,-75.35128932253471,-1692.991374480157,-0.3543263260206671,2.151840260082843,1.9648314813194077
99,8.22644376527571,-46.81415769539868,-67.92322136803276,-1701.0550242112956,-0.4011437015863544,2.106404303098691,1.9409036743256427
100,8.326562756333832,-45.61131386401476,-64.11089493392629,-1705.9027544275004,-0.44213462761264943,2.0575933393274592,1.929120871954081
101,8.37662225186289,-45.41837775260116,-62.98390594652491,-1707.1973617109084,-0.4594752555458881,2.0318705810681283,1.9236953005966724
102,8.476741242921014,-45.68416716091227,-61.64580833906905,-1708.8052369213387,-0.4884469280396614,1.9960670297282437,1.9154604585527717
103,8.576860233979136,-46.781308719386175,-61.06701095667141,-1710.6834220239564,-0.5264172818040671,1.9595972939429638,1.8944486514017982
104,8.626919729508197,-48.01235245847849,-61.46352662104894,-1711.9393553130737,-0.5504982002673965,1.9393061991754714,1.8811771949982838
105,8.72703872056632,-50.68584034328235,-63.60362313102964,-1713.5376496130393,-0.5966683380658738,1.8931603032296833,1.8533248311377495
106,8.82715771162444,-52.9826984870036,-65.8866295992385,-1714.1117123114998,-0.6255091203563544,1.8585016041221871,1.8322220168103764
107,8.877217207153503,-53.41535558479657,-66.24824295607539,-1713.9593526431502,-0.6360796667320967,1.846478496492023,1.8249341940082193
108,8.977336198211626,-52.92191052417495,-66.17511150930653,-1714.3845890829039,-0.6540370215941914,1.8223601888458691,1.802710325961656
109,9.077455189269747,-51.68819021130233,-66.19291491017667,-1715.166155668447,-0.6694614056427434,1.79201508788451,1.7793815841072156
110,9.127514684798808,-51.00694980280579,-66.29317126936263,-1715.2824959128259,-0.6744165386203822,1.783785625084749,1.771524474943677
111,9.22763367585693,-49.82868715335405,-65.75247844829451,-1715.452499420587,-0.682560804822298,1.76373706862929,1.7576895718086372
112,9.327752666915053,-49.62134483346949,-65.35458357661106,-1716.0965964262416,-0.7008596184077817,1.731384179328665,1.7378781446653173
113,9.377812162444114,-49.85072267087139,-65.48951448939232,-1716.6604047824694,-0.7130897941229102,1.7247003630312185,1.7307555009948545
114,9.477931153502235,-50.20554542154878,-65.5996265747573,-1717.9153269757978,-0.7344507046115792,1.7143347188724012,1.7198944262453177
115,9.578050144560358,-50.368454961059825,-65.90337202989107,-1719.891645596304,-0.7533192226982673,1.6930087188541356,1.7041070455786198
116,9.62810964008942,-50.56050858828223,-66.34338201606906,-1720.7431495413332,-0.7618549621930356,1.6893737416748773,1.6987796139876479
117,9.728228631147541,-51.30372917098893,-67.28534604044802,-1721.3057820763318,-0.7785439262332026,1.676137646807144,1.693861733472804
118,9.828347622205664,-51.955794896939835,-67.54995122761986,-1722.027060714904,-0.7942337001277864,1.6586976074215731,1.6834410170347363
119,9.878407117734726,-52.05360632648697,-67.96292310250195,-1722.3014343316281,-0.800280597960034,1.6580425924907964,1.6796346415184364
120,9.978526108792847,-52.02984235846188,-68.57256400692893,-1722.4226103288015,-0.8070550501296262,1.6572191815671955,1.68252129430403
121,10.07864509985097,-51.08069912098429,-69.21231500696436,-1722.5450529281782,-0.8139844636342117,1.650223107986966,1.674414133046444
122,10.12870459538003,-50.511749346027585,-69.44001110551262,-1722.2066647768622,-0.8142277858828291,1.6449246206640415,1.674487381595867
123,10.228823586438153,-49.686949602625674,-70.94781017788105,-1721.590184162587,-0.8203996347658931,1.6363844211054581,1.6652474595561346
124,10.328942577496276,-49.73597371305729,-72.09398216300839,-1721.2876168110045,-0.8247742567522546,1.6229038652537946,1.6587100141363207
125,10.379002073025335,-50.06728875473172,-72.63627670808233,-1721.076769567845,-0.8293926694449301,1.6170428614100159,1.655381544871974
126,10.479121064083458,-51.8220959483273,-73.44040992831327,-1721.2339116118558,-0.8377169168348101,1.6114132651568516,1.6539238338387483
127,10.57924005514158,-52.89567726052232,-73.6695551413987,-1721.3580137747483,-0.8481640362111508,1.6013543119789155,1.647664790280261
128,10.629299550670641,-53.23400586296489,-73.82219589738271,-1721.4365463026595,-0.8503424931682727,1.6006254942519598,1.6465108873463172
129,10.729418541728764,-53.76511608843063,-73.98113558519182,-1721.360522697657,-0.8573159961201935,1.5935927455678305,1.642336434686931
130,10.829537532786885,-54.39793521719338,-73.6971948083486,-1722.1830721464314,-0.8638428097971361,1.5889842039660969,1.636790437646337
131,10.879597028315947,-54.69657835847826,-73.56832830502155,-1722.8494567579587,-0.8686388927012675,1.5844126539948575,1.631944037973287
132,10.97971601937407,-55.71821891897511,-73.69355259115667,-1724.0631376595218,-0.8776161250487571,1.5720811930748908,1.6245503888975832
133,11.079835010432191,-56.42460364327076,-74.26538525358995,-1724.997160625348,-0.8857596261775855,1.5666271264040754,1.6152761446496364
134,11.129894505961254,-56.457099646373706,-74.27661370241324,-1725.2533180698306,-0.887028006224369,1.562770467246287,1.6131567178573292
135,11.230013497019375,-56.510766981388656,-74.21315553270163,-1726.0723270962626,-0.8912269752029872,1.558553265373846,1.6076387851234577
136,11.330132488077497,-57.14912095925058,-74.21569478877927,-1727.8877863485473,-0.8999239387820409,1.5499121176906092,1.5994754533522604
137,11.380191983606558,-57.59265715444499,-74.37430810306773,-1728.840168346399,-0.9065456509663334,1.5462520083195477,1.5954457256476615
138,11.48031097466468,-58.502302662441224,-74.7831409448082,-1730.0632761895376,-0.9143571754480038,1.5404494719113662,1.5916334560829646
139,11.580429965722802,-58.850107019462854,-75.2209578396511,-1730.6044179916414,-0.9197065970821379,1.5334435388130074,1.58749185296146
140,11.630489461251862,-58.87921841108172,-75.2141367850397,-1730.800814117444,-0.9205030427383928,1.530897674517357,1.5857336885029785
141,11.730608452309985,-59.01075135651891,-75.71315154027448,-1730.7392824616256,-0.9244505906939947,1.5250567379503224,1.582048070650441
142,11.830727443368108,-59.444374920265744,-76.38075588856535,-1730.0662574750315,-0.9268085818741538,1.5090263694830826,1.5822467823789494
143,11.88078693889717,-59.833217751853425,-76.79690171972902,-1730.2525227604997,-0.9277644141668736,1.5028195298858245,1.5810470231369735
144,11.980905929955293,-60.605524834816975,-77.76305780746716,-1729.8417063358877,-0.9312547797562125,1.493804174735437,1.5814667578839579
145,12.081024921013412,-61.29885372025299,-78.60752911390853,-1729.6076819483287,-0.9359246592085219,1.4829939688935974,1.5775571847902248
146,12.131084416542475,-61.64770453415579,-79.17662133612917,-1729.704002970493,-0.940065063480078,1.4803033069328706,1.5742692990378422
147,12.231203407600598,-61.963498399720464,-79.81123313808627,-1729.7294119097455,-0.943403480181037,1.4666657727058052,1.5691869344815823
148,12.33132239865872,-62.21014222786832,-80.44819312301377,-1730.1212813864365,-0.9453626294257659,1.4581940690821595,1.566280697205876
149,12.381381894187781,-62.15728477181369,-80.61300361738967,-1730.311705847331,-0.9443787317285277,1.4578370952507567,1.5661184272889945
150,12.481500885245902,-61.756562003496356,-80.80865764182508,-1730.9837952638738,-0.9459799070861077,1.4516368883542863,1.5614261217621057
151,12.581619876304025,-61.65249401608207,-80.74173124956225,-1732.3922932113746,-0.9502046602929864,1.4444353772198446,1.5554299465609147
152,12.631679371833085,-61.5195966429217,-80.66439446855196,-1733.229451307182,-0.9550312644409505,1.4442950405718962,1.5491742498885022
153,12.731798362891208,-61.252572828986956,-79.99172371667086,-1735.0827032373725,-0.9579857668396442,1.4394551580638475,1.5407665949255105
154,12.831917353949331,-61.58282935715579,-79.46509184145982,-1736.1701285363697,-0.9619247083279647,1.4354340084456987,1.5388364450885599
155,12.881976849478393,-61.99387968063482,-79.17131888195449,-1736.554521364995,-0.9631974213743236,1.4314077036868607,1.5378077729432318
156,12.982095840536513,-62.638838278981524,-78.66505901056048,-1737.2783728516813,-0.9678101668938959,1.4228740218013414,1.5329201058142585
157,13.082214831594635,-63.30907550925906,-78.07714212614022,-1737.6785082727777,-0.9712233856007284,1.4158239186962123,1.5284647509039269
158,13.132274327123698,-63.778855398060955,-77.90174243563607,-1737.984465908679,-0.972714824901434,1.4127258353012546,1.5282412233462732
159,13.23239331818182,-64.74499955824419,-77.8974889254191,-1738.3727577040884,-0.9784215093011204,1.4043093784822216,1.5271222046758792
160,13.332512309239943,-65.2316847184077,-78.13845234626112,-1738.620809232531,-0.9846905708631437,1.3954992123892929,1.5224437075541974
161,13.382571804769002,-65.40768163782673,-78.49503616388247,-1738.7077313885497,-0.98797301076293,1.395983430907438,1.5201915457805586
162,13.482690795827125,-65.65765680288095,-79.04316397923157,-1738.5696789866772,-0.991417017053831,1.3864657803327582,1.5159965302186509
163,13.582809786885248,-66.07187213518841,-79.4040439545689,-1738.9391512263585,-0.9953374245830414,1.380708762561286,1.5135309882157506
164,13.632869282414308,-66.29955379423069,-79.67910711501207,-1739.4240138212162,-0.9991057729639021,1.3790418762110481,1.50993621701593
165,13.732988273472431,-66.98778630759597,-80.33122356247256,-1740.50391916786,-1.0065957928032432,1.3706085361425264,1.5040780514705299
166,13.833107264530552,-67.52233004360107,-80.66035925940845,-1741.6499418630185,-1.0105132085322517,1.3662868760652707,1.501860729532112
167,13.883166760059613,-67.75214757993692,-80.78577928370927,-1742.1575976472955,-1.0118050776400829,1.3627472229629012,1.500020077727785
168,13.983285751117736,-68.2942123422765,-80.96299929275602,-1743.617300219508,-1.017660828338212,1.3566927420289083,1.4944123423413804
169,14.083404742175858,-68.6858865942215,-80.66941290132351,-1745.4391857758776,-1.0258526577970983,1.3486774318562682,1.4830934310422612
170,14.13346423770492,-68.67062937392146,-80.27485891762205,-1746.5865183608441,-1.0276860819995062,1.3445117481485773,1.4780092283685842
171,14.23358322876304,-68.53644208845921,-80.20861970546244,-1748.7413075978113,-1.0348892826832452,1.3378813459795897,1.4676655215061256
172,14.333702219821163,-68.25738901876656,-79.97775130838127,-1750.368205613236,-1.0401291584493324,1.3298861569260216,1.4585837685727794
173,14.383761715350225,-68.05610330955832,-79.7120692814799,-1750.9735622556104,-1.0418701034977114,1.3276400093235732,1.454459886980791
174,14.483880706408348,-67.91103328472266,-79.57697463961006,-1752.3064316813238,-1.0474377582790226,1.3214766991058962,1.4459256100684261
175,14.58399969746647,-68.0521751556355,-79.67243811929268,-1753.7485505608172,-1.0544491651227201,1.3119946490793746,1.435759412287696
176,14.634059192995531,-68.00934122695122,-79.69949920776187,-1754.3767580677268,-1.0588781048658655,1.3095465958589068,1.4294901931673678
177,14.734178184053652,-67.69581131821295,-79.7268673042669,-1755.1846402351152,-1.0607576938611734,1.304591262666652,1.4236951169022791
178,14.834297175111775,-67.40552318578855,-79.88988864853641,-1756.0092504870267,-1.064457575627428,1.297941653535392,1.4146932005864892
179,14.884356670640836,-67.3443669751656,-79.77097813093107,-1756.4389126897483,-1.0663814013217001,1.294442232688284,1.410358605444684
180,14.984475661698959,-66.95683964795433,-79.60103391146478,-1757.0998359286398,-1.0710814673497344,1.2954390758279313,1.4022018227153004
181,15.084594652757081,-66.9336565539777,-79.78950815558986,-1757.7044650738783,-1.0731323753212145,1.2898668059016392,1.3988955126035698
182,15.13465414828614,-66.97882613731315,-79.89028200668449,-1758.091370374749,-1.0753667928448194,1.2890802159207633,1.3960888974540009
183,15.234773139344263,-66.87062204250773,-79.40650438012679,-1758.080821914286,-1.0738210077591301,1.2815663226611702,1.3939282618415123
184,15.334892130402386,-66.90160842954973,-79.59142081464775,-1758.5251439393198,-1.0752338832617505,1.2787422350904898,1.3937301996663989
185,15.384951625931448,-66.95652349975919,-79.71817954195436,-1759.2006981644497,-1.0772947668262276,1.2730556225116425,1.3915521631124685
186,15.485070616989569,-66.60304836992813,-79.39469105662394,-1760.3364021659183,-1.0814972110657877,1.2750495838760887,1.3861012083636002
187,15.58518960804769,-65.74713676744679,-79.08773986333529,-1761.5781627764854,-1.082799854362172,1.272572801560163,1.3782339904463006
188,15.635249103576752,-65.76659087888018,-79.16801626582023,-1761.9666540659152,-1.0837008742332426,1.2724845930807593,1.3770445161558493
189,15.735368094634875,-66.12954588140715,-78.86434453914872,-1762.2015207487486,-1.0843474735903285,1.2698844108165683,1.3765152022178022
190,15.835487085692996,-66.66079488517775,-78.95981615498519,-1762.331806434255,-1.0838495440360496,1.273309849743976,1.3773785521462998
191,15.885546581222059,-67.11787520282562,-78.94594756386583,-1762.433322182272,-1.0824169935802128,1.2793012090833704,1.3795427609977267
192,15.98566557228018,-68.28760881567092,-78.55400600782889,-1761.9924527512205,-1.0780264361033898,1.3000316771668277,1.3854207167081556
193,16.0857845633383,-69.8971341992474,-77.217461400752,-1760.5011397391172,-1.0674407141245523,1.3512491662595112,1.4030805485903695
194,16.135844058867363,-70.31630282510037,-76.18282834571751,-1759.159756383262,-1.0585302301260737,1.3805290131367434,1.413977283663066
195,16.235963049925484,-71.13208864851006,-74.53005246009977,-1756.280347151953,-1.0326945325686137,1.4380763599313064,1.4406440929060818
196,16.33608204098361,-72.69952374469807,-73.25773568719848,-1751.4008526365028,-0.9961406730574845,1.515134184631769,1.4864049575412988
197,16.38614153651267,-73.57611131170523,-72.2999254796479,-1747.6709048859652,-0.9725817465782752,1.5571245005948258,1.5116552328419381
198,16.48626052757079,-74.53771206696538,-68.71975615669959,-1738.2094479681623,-0.9069052145224952,1.6420573379128953,1.5691717231332747
199,16.586379518628913,-74.96854702282096,-64.30686790957145,-1727.230815364451,-0.8294824579663642,1.7250230139183624,1.629875767591358
200,16.636439014157975,-75.35710694660756,-62.498290498752986,-1721.1800762410953,-0.7898444282009771,1.7767272029574257,1.6618506597587992
201,16.736558005216096,-75.62740820910973,-58.50343332455933,-1706.5691401750687,-0.6878087185152812,1.8987668742546273,1.7353828341154873
202,16.83667699627422,-72.62780932049913,-55.39822043602188,-1688.65269491593,-0.5552260909155848,2.016227023117702,1.8124283308820008
203,16.88673649180328,-69.71628345705149,-54.30271515480221,-1678.8891791977233,-0.47732284875818193,2.071753426057907,1.8532237596013985
204,16.9868554828614,-60.08756486397505,-53.28857848810618,-1657.901792645659,-0.29419412349448715,2.1728349048384934,1.9441492284097366
205,17.086974473919526,-47.42893444515947,-53.923464312420435,-1638.5988998480898,-0.12223088613806121,2.2564630332319817,2.0185886557517922
206,17.137033969448584,-41.485184928790815,-54.66044825768906,-1631.2451045517987,-0.060197832465616934,2.281575917107013,2.0339485852620496
207,17.23715296050671,-29.648846534654062,-55.19921492220715,-1620.2226746447557,0.042998177154495644,2.317263811712701,2.035439840204312
208,17.33727195156483,-17.96266261964589,-54.16739576944187,-1613.2180786664517,0.12681523595233743,2.3451926410862978,2.0193331460247634
209,17.38733144709389,-13.000429311723302,-53.29695839125622,-1610.6450383738752,0.15489092348089947,2.3492088271580056,2.006420047563005
210,17.487450438152013,-6.319256865911768,-52.15770029776289,-1608.4681207649528,0.16569384112013216,2.355068908318245,1.9636810544034218
211,17.587569429210134,-5.660886573905486,-51.76718789141449,-1607.6043946626555,0.14509475174381564,2.376844076705924,1.937216730796224
212,17.637628924739197,-5.156993516967098,-51.509117148520076,-1607.6273839114785,0.12997825043257447,2.3835244863269325,1.919903459443224
213,17.73774791579732,-2.9380918796006625,-52.22404367216216,-1607.4181027917218,0.10507597222086146,2.4011965746390818,1.8989829197635453
214,17.83786690685544,0.9621495537388185,-53.951191307127246,-1605.8747304978233,0.08481711696855922,2.4315504701239092,1.8896568842679269
215,17.8879264023845,2.2224497111618007,-55.1528638638275,-1605.5110160176034,0.0683888851967819,2.4446430343770533,1.8753081632735031
216,17.988045393442626,2.9354248428500114,-56.88774587934637,-1605.0339992136478,0.04693847741512884,2.461086077480063,1.854544942157296
217,18.088164384500747,4.6646054946606625,-56.94419645429111,-1602.7096294614012,0.04374541537638193,2.4857133788730033,1.84106363567237
218,18.13822388002981,4.65569688959021,-57.18574703094069,-1601.6543177120006,0.03480555104320477,2.4956608166009686,1.8279483123762956
219,18.23834287108793,5.68625188384641,-58.21589113029399,-1601.2166572850092,0.022208423603090666,2.507625539142896,1.809263442938079
220,18.33846186214605,6.528973685208236,-59.020678465871164,-1600.463456939293,0.02726267667237217,2.5120313192013652,1.8141634366215502
221,18.388521357675113,6.326902805401254,-58.93790787120159,-1600.107061023441,0.028427692633997304,2.5134174963830946,1.8151143487759402
222,18.488640348733234,6.536346105677296,-58.62674780127675,-1599.944488675728,0.03046603664938482,2.5155089493405303,1.8067952562166958
223,18.58875933979136,6.020755000563845,-58.11522397638474,-1599.6625624446665,0.024460765184661417,2.5188534226741806,1.7863621270168368
224,18.638818835320418,5.807007653307629,-57.964129456896714,-1599.493262750305,0.023099231510038502,2.523152223831733,1.7780507177159377
225,18.73893782637854,5.842994697198847,-57.68016590233296,-1600.290148191179,0.025022425164705524,2.5272184483551188,1.773231480280288
226,18.839056817436663,5.980010249445016,-57.581848528257524,-1600.1750411660353,0.030529986587645577,2.526668558340455,1.7753104239740694
227,18.889116312965726,5.906399169696748,-57.6290860921542,-1599.3484907067311,0.0340851275455825,2.5301678993687586,1.7775674011747296
228,18.989235304023847,6.229241668841389,-58.15234629107414,-1597.7189461922121,0.04012034543974216,2.532594135481415,1.774946217774676
229,19.089354295081968,6.276762961454139,-58.60976946157886,-1596.5992663855768,0.040482293016776943,2.5318940095976945,1.7647896691485487
230,19.13941379061103,6.049752698519399,-58.78501482097498,-1595.9610286572529,0.04334431938730082,2.531899998461972,1.762873708708452
231,19.23953278166915,6.569592350270831,-59.54755006555406,-1594.467406983836,0.04085282502704778,2.52962667210711,1.7530474181948923
232,19.339651772727276,7.600565169356855,-59.756428723284166,-1592.9386571248774,0.045728473341591504,2.5256822862323216,1.747695119250198
233,19.389711268256335,7.791744699487538,-60.01406749315035,-1592.4318087100996,0.04436424945253156,2.524782344845225,1.7443217709283831
234,19.48983025931446,8.076412875552258,-60.21226290916286,-1592.4325011915573,0.03876256853928996,2.517458656981385,1.7336518855218448
235,19.58994925037258,8.524493198019726,-61.09888095008152,-1593.066792402323,0.03808289677533911,2.5229346101457915,1.719560841974237
236,19.64000874590164,8.417161051831556,-61.6108865570425,-1594.0351000297092,0.03250980055373505,2.525221025599727,1.7079618929360423
237,19.740127736959764,8.845194836379136,-61.95611975581488,-1596.656194501401,0.028699072242670497,2.528295635355321,1.6857827308322102
238,19.840246728017885,9.14882079040838,-62.29402331771278,-1600.3405522669648,0.026552123536244237,2.541143306322396,1.6621305302239684
239,19.890306223546947,9.33477000975094,-62.27129597781452,-1602.3013349983682,0.02254525514382175,2.544995767866231,1.6483760800720464
240,19.990425214605068,8.824705658793377,-62.03998331510894,-1604.3407576254388,0.023165847473865554,2.5529151804174477,1.6337883167524647
241,20.09054420566319,9.108305392499759,-62.4925356049099,-1603.8870192631412,0.024641575083540805,2.555295593561044,1.6324525012713293
242,20.14060370119225,9.10793228449792,-62.74629544914796,-1604.0601837801494,0.023093290746421438,2.5545738736333092,1.627577333461796
243,20.240722692250376,9.114431341483908,-63.19425478474771,-1603.985413218676,0.018682800254878874,2.5548519058565025,1.6149853916888917
244,20.340841683308497,9.378761356306882,-63.72768939585896,-1603.894981896892,0.014238734856564452,2.559260532615494,1.6017493462065235
245,20.39090117883756,9.476232126274546,-63.95936429508578,-1603.841892620333,0.013959291363634989,2.561146571681706,1.5976556837861224
246,20.49102016989568,9.357765197321797,-64.37295481822113,-1603.9983463985116,0.013790262723436583,2.562486101959955,1.588692639879955
247,20.5911391609538,9.26218606554525,-64.69871933662374,-1604.5716896860172,0.013494259377545576,2.564155019817611,1.5800597595670043
248,20.641198656482864,9.37550558214027,-64.9380609724764,-1604.627455666357,0.010765203481581788,2.5635203623799696,1.5767499134284713
249,20.741317647540985,9.5312691403171,-65.51049576751399,-1604.9591778850972,0.009802650266033046,2.5655403230209166,1.5714010528713152
250,20.84143663859911,9.536865945793643,-65.74845787840167,-1605.4097048317335,0.010422621261968483,2.5664489829773443,1.5658678599283409
251,20.891496134128168,9.559133639155789,-65.88719796881733,-1605.6976853839908,0.009431293469899486,2.566152326670861,1.560227431966788
252,20.99161512518629,9.429643983765395,-66.31305205516296,-1606.3549938412236,0.009348263998103542,2.568017267296814,1.549009214912923
253,21.091734116244414,9.672927980981143,-67.01641700139183,-1606.4188741190571,0.008285253302461484,2.5699746993219716,1.539014342633363
254,21.141793611773476,9.760492182097899,-67.25575497193088,-1606.401053540138,0.00836160775097974,2.569172754021979,1.535984112819625
255,21.241912602831597,9.798992680811622,-67.69091523219282,-1607.057236325771,0.005261041563400522,2.5694369457632904,1.5285041391107101
256,21.34203159388972,9.743664916824919,-67.7234379926577,-1607.4962756545178,0.006068174340409285,2.571124123778635,1.5307080907971944
257,21.39209108941878,9.899433110932968,-67.78610849493714,-1607.5332452307525,0.00715473025031996,2.5707555874456363,1.5317713673007993
258,21.4922100804769,9.943977475891309,-68.1719894051414,-1608.0273451617425,0.0038743767101563293,2.5716869167260836,1.5258345587724524
259,21.592329071535026,10.012613513206809,-68.25348364948243,-1608.2895288496006,0.005108834190133767,2.5717823296962696,1.5271505973128792
260,21.642388567064085,10.062952224576868,-68.32716179620957,-1608.1167754483652,0.00566115586595983,2.5719738566021255,1.5272378498496304
261,21.742507558122206,9.805773878285528,-68.29294825068558,-1608.3621456084104,0.0039990150870810575,2.571443510151476,1.5237221534789478
262,21.84262654918033,10.032179254400035,-68.21749812618117,-1608.231089646252,0.003435337247473944,2.5694444084635024,1.5244168485978637
263,21.89268604470939,10.068642384545633,-68.21117668027863,-1608.2121686034377,0.0022574441169691973,2.568509321442819,1.52528986997289
264,21.992805035767514,10.000305544612878,-68.2608477402737,-1608.3216074561503,0.0007702106905908615,2.5688085321574587,1.5217221695003336
265,22.092924026825635,9.84896522523431,-67.90559958408625,-1608.1934708846552,0.0012048520279728855,2.5674582665372614,1.521218019643442
266,22.142983522354697,9.997854352066838,-67.85489984133336,-1608.2782640971789,4.902328426746941e-05,2.56653447625246,1.5202187707206911
267,22.24310251341282,9.996951983624548,-68.08832467911587,-1608.208555830046,5.177157315331127e-05,2.568107309954935,1.518956042633027
268,22.34322150447094,9.907696939418408,-67.97974769397595,-1608.2282650147781,0.00041929947113444963,2.565833852516506,1.5182909993020615
269,22.393281,9.78984923288457,-67.92943698805017,-1608.1077351979457,0.0004824848144269075,2.565532498893152,1.5174897694627179
