,Time,x,y,z,Rx,Ry,Rz
0,0.016661617728531856,-77.6015733650373,-232.73965827087434,-1891.394181165932,-0.6304967323350105,2.1130961031293167,0.6353822475917371
1,0.06664647091412743,-80.40539167940253,-231.4947181354283,-1903.8428783667111,-0.6224467663422412,2.162151193157873,0.6398008010228763
2,0.11663132409972299,-83.20920999376776,-230.24977799998223,-1916.2915755674903,-0.6143968003494719,2.211206283186429,0.6442193544540155
3,0.21660103047091414,-87.32229259222035,-226.3624614259084,-1940.9066157940174,-0.5963156140327726,2.2932397660545427,0.6571576489824461
4,0.31657073684210524,-88.8047000833714,-220.4072004331531,-1964.7226525185558,-0.5497981913204837,2.376812025589142,0.6738843789108141
5,0.36655559002770083,-88.2060562779121,-217.29668302143574,-1976.5830003809665,-0.5132517621958328,2.424183644234442,0.6779194716855711
6,0.46652529639889195,-84.62470915593707,-211.0489063213994,-2001.0971023712027,-0.4205672625824143,2.5200008688745617,0.6772745026561798
7,0.5664950027700831,-78.7002529843848,-204.6213359881159,-2024.9096518049935,-0.3491222493986009,2.5754600420123777,0.6670963677466965
8,0.6164798559556787,-77.52693486053857,-202.67267490904925,-2034.4142187914526,-0.334589919020436,2.585773985028185,0.6723421908514021
9,0.7164495623268698,-79.16549361692012,-203.05782319038354,-2049.0587725879964,-0.3244113406019959,2.630130225223851,0.6676621209318571
10,0.816419268698061,-79.62300781636964,-203.87684728441786,-2059.2663196973476,-0.3155540550583127,2.644121197110352,0.6542492073974041
11,0.8664041218836566,-80.04313934347657,-204.2883812208022,-2064.2944624796246,-0.3140158048991547,2.653392439800958,0.6452940744704279
12,0.9663738282548476,-80.8324673476969,-203.98254784289344,-2075.8139407293584,-0.3072351284543205,2.676507239991332,0.6357958547098068
13,1.0663435346260388,-78.91443284666187,-202.41876770636333,-2087.597663161897,-0.2925489981811683,2.6949894630346027,0.6260815498723091
14,1.1163283878116343,-76.89603567633523,-200.98235631186333,-2093.3183713138455,-0.27966089479549205,2.7046961119806507,0.6255157086649746
15,1.2162980941828256,-71.10798157416627,-195.96158330700263,-2104.0698931823126,-0.24996637613683642,2.7232161877326058,0.6319973083973368
16,1.3162678005540165,-66.44193941142106,-187.7835365892674,-2114.648671628736,-0.2148247241143469,2.748348090873575,0.6515121671711287
17,1.3662526537396122,-65.58191725321298,-182.8900318732011,-2120.2083944698616,-0.2077176579370325,2.758463665276706,0.6625210638486599
18,1.4662223601108033,-65.4274246550262,-172.66361754066142,-2130.174173317102,-0.20739176120887728,2.7811771229536224,0.6837574438154309
19,1.5661920664819946,-64.88962609843655,-162.071514842304,-2139.5880255339753,-0.19735659677125364,2.8121267503774967,0.7032311421555065
20,1.61617691966759,-63.65744790571679,-156.22366867870133,-2144.1883556105263,-0.1868898523705751,2.8287415779272176,0.7152481363568627
21,1.7161466260387812,-59.695007852014854,-144.55551149787982,-2153.077842669966,-0.17346688411331435,2.8507002226565903,0.7287080446852434
22,1.8161163324099723,-56.45449938311619,-134.18184325882015,-2161.3961810841524,-0.1606150934336373,2.8796601581652075,0.7294006670475462
23,1.8661011855955678,-55.48538681487812,-129.60905906558213,-2164.6025411864657,-0.14673016887729518,2.897877234461341,0.7336509017342725
24,1.9660708919667589,-53.727071765998645,-123.28219542076562,-2169.2785925907883,-0.14484166148106067,2.9130659574040307,0.7352491023320423
25,2.06604059833795,-51.987184650479826,-117.75601653608322,-2172.547426239271,-0.14223230324572314,2.916869112420647,0.7440347585814627
26,2.1160254515235457,-51.22596530109109,-115.89011777310586,-2173.2736205250776,-0.13863750638493352,2.9249338239812857,0.7460488425112799
27,2.2159951578947368,-51.24843075860477,-115.42078357938054,-2173.8385024366044,-0.12084019615186953,2.9583387129030525,0.7395698453745226
28,2.315964864265928,-51.07302315847914,-114.19513531112074,-2173.152185570977,-0.12142826881787158,2.9718964699074517,0.7340078276179041
29,2.3659497174515236,-51.42726449422743,-113.2241980023867,-2172.681834694552,-0.11962947165558369,2.9749838825010615,0.7324205175504382
30,2.4659194238227147,-51.4207371437574,-111.85918341612609,-2171.141262976191,-0.11737046578072513,2.9800155145726306,0.7284138332188496
31,2.5658891301939057,-51.12426004076532,-110.93799912337661,-2170.7154106918565,-0.12077399829409854,2.976566288226814,0.7283216392416241
32,2.6158739833795015,-50.869981550284834,-110.47639135574381,-2170.356284807309,-0.1273642177890838,2.977928416754613,0.729197650192558
33,2.7158436897506926,-49.548819660308354,-108.15247965336675,-2168.830701794648,-0.1538904349660779,2.963267329275378,0.7289600889487023
34,2.8158133961218836,-50.24772205283598,-105.94021729515836,-2168.113896108417,-0.1344267927373577,2.978597761611781,0.7375567048638648
35,2.8657982493074794,-50.34588469212908,-105.44196924040074,-2167.8862898690586,-0.1272482716686139,2.9826218674963094,0.7395310017685092
36,2.9657679556786705,-49.77653851677734,-105.71387637673662,-2166.972002220274,-0.12909805406480426,2.977491485935342,0.7441792774228173
37,3.0657376620498615,-49.515789991361935,-105.53626493500144,-2166.4260264027866,-0.1264345918478214,2.9728679736554064,0.7454704890262087
38,3.1157225152354573,-49.32888480329382,-104.68547639547575,-2165.0765960329536,-0.12788574143028644,2.967742112907095,0.7512415464660844
39,3.2156922216066484,-43.53526032771898,-101.85394925624814,-2163.4262010080065,-0.09998185742465726,2.940822867577751,0.7585367259170691
40,3.315661927977839,-40.832788455294875,-100.36963863142739,-2161.262929214586,-0.08299405212522784,2.941475989155497,0.7735256193903209
41,3.3656467811634347,-40.376608531540995,-100.12272886492151,-2161.05356775352,-0.08139379599838653,2.943146573359351,0.7766091588276081
42,3.4656164875346263,-40.668352969665825,-97.72349425727052,-2159.773842632598,-0.08056974380424616,2.9436380736155656,0.7908402648963562
43,3.5655861939058173,-40.47040027700045,-92.49439986502878,-2155.2027536168357,-0.0817766410618688,2.9391727493488236,0.8096839179471609
44,3.615571047091413,-40.0717230587853,-89.3971389179531,-2152.704490700622,-0.0734829799548802,2.940031028250112,0.8209138499552001
45,3.7155407534626037,-38.540280098717645,-82.37405677531696,-2148.73128095237,-0.06199983015422996,2.9410203947394096,0.846564077119616
46,3.815510459833795,-36.5166387446854,-76.47447422972849,-2146.2139538074193,-0.06619777252463538,2.934397511996891,0.8619482823010071
47,3.8654953130193905,-35.31193588574096,-73.86829692891381,-2145.4432784882524,-0.058721467489134226,2.929725867891937,0.866800949148935
48,3.965465019390582,-34.828353521099906,-68.89672489768029,-2142.856251434448,-0.04829684390980769,2.9266660308862145,0.8848280551226582
49,4.065434725761773,-35.61895554696356,-66.6847239784694,-2140.95861656837,-0.05731608818219186,2.9288621114514233,0.8879563383512418
50,4.115419578947368,-35.21403835320704,-67.08439146610542,-2141.532430952638,-0.056652598259609534,2.9294928335185806,0.8859715159666345
51,4.215389285318559,-32.781637410983734,-69.95976428858378,-2145.299985990369,-0.04125338924081954,2.94120569722709,0.8757725266239604
52,4.315358991689751,-32.09106559725206,-68.15419794243647,-2145.341958894961,-0.031497346145793956,2.9453003405499976,0.8873651339097218
53,4.365343844875346,-31.970373004324955,-66.50729852129876,-2145.4812760115788,-0.0339798983702846,2.946351967387386,0.8876567684645947
54,4.465313551246537,-31.69485895895729,-62.37613216693512,-2147.204106237967,-0.029060470496655767,2.946173214089596,0.8890118277223521
55,4.565283257617728,-31.00652725048321,-58.48514446044158,-2147.8370260456177,-0.027465693265486008,2.9462913575081067,0.8896801836693139
56,4.615268110803324,-30.761376196186106,-56.939713597325834,-2148.8364153404195,-0.023639516784355292,2.948406058124119,0.891624840290768
57,4.715237817174515,-29.517471809374882,-54.482418987410796,-2150.1155739783385,-0.0186986364124756,2.946543867290297,0.892993374572992
58,4.815207523545706,-29.252214561097503,-52.39070398499589,-2151.538380089494,-0.011437289651509558,2.947805455500381,0.8892649554487957
59,4.865192376731303,-29.401357250489973,-51.8020992967282,-2151.9742438275803,-0.012496155454788537,2.9487441855552836,0.8852998054440548
60,4.965162083102493,-28.8826786866737,-51.25561352498403,-2152.072089446916,-0.008271671129890062,2.9535012022732685,0.8748768262259627
61,5.065131789473684,-28.851471905486314,-50.905383273227564,-2151.7542254736636,-0.00380452099722553,2.955707722680519,0.8645414019320263
62,5.11511664265928,-28.95781660495964,-50.54217822888625,-2152.1896215965808,-0.00720335457097312,2.9540916121932854,0.8604476801714411
63,5.2150863490304715,-28.957005396906162,-50.23302501493255,-2152.7466899761057,-0.008044308836767058,2.953007020846919,0.847964286186171
64,5.315056055401662,-28.962031835018905,-50.679338561979804,-2153.1734296917007,-0.015291594332474689,2.958173678548555,0.8291542420491186
65,5.3650409085872575,-29.177250141706743,-50.13618431053334,-2153.4820302177145,-0.021121716865296486,2.96212309463833,0.8144197434486078
66,5.465010614958449,-30.109657034794566,-49.22348771916539,-2154.575569491318,-0.024428497084853888,2.9577292983696317,0.7898661510346011
67,5.5649803213296405,-29.783066972046093,-47.488877327359155,-2153.860609748452,0.00321555960551842,2.945489888827099,0.8074048463214151
68,5.614965174515235,-29.683170057080787,-47.18577004554607,-2154.133305087533,0.01599693152756715,2.9442899799703968,0.8139154694493147
69,5.714934880886426,-31.63594889056173,-46.5810823625938,-2155.606846475736,0.017076465756684703,2.928539243646001,0.7997006722668328
70,5.814904587257618,-30.274281273284068,-46.11935573932429,-2155.205549723177,0.031929502411924326,2.9430287324616473,0.808929091278327
71,5.864889440443213,-29.800745379359554,-47.050177660721744,-2154.9925917457113,0.035652600784063765,2.9509117152420847,0.8085957917403124
72,5.964859146814404,-28.786525644469293,-47.11274406596597,-2154.6336728219057,0.04095691788922158,2.959832155134823,0.8080674090663699
73,6.064828853185595,-29.18071737657582,-46.29631365726982,-2153.7155763987303,0.03290676276021803,2.9596956241774635,0.7925312612241453
74,6.114813706371192,-28.735636242013257,-46.50623871068355,-2154.351392002679,0.03645113272213566,2.9681824959223913,0.7840478966800833
75,6.214783412742382,-28.72041560721862,-46.70578467075703,-2154.739664133319,0.02385529885830249,2.9739518793333355,0.784372147150871
76,6.314753119113574,-27.93066240309797,-46.46593190692478,-2154.1534993630144,0.032620661116710525,2.9834543908825886,0.8017176999813223
77,6.36473797229917,-27.63906103292298,-46.85494510097805,-2154.3772317719686,0.030957944856770767,2.987630877699759,0.8060409614826269
78,6.46470767867036,-27.742906139691065,-47.56096828760394,-2155.1264643243558,0.02780785274004249,2.9951268476626005,0.8239321506336846
79,6.564677385041551,-27.51246664879305,-49.00326044082139,-2154.5479520998997,0.029040001147063527,3.004602781703862,0.8410217321893978
80,6.6146622382271465,-28.3252770633771,-50.1499209691468,-2153.608955847879,0.023590400073440626,3.010232645193516,0.8523979360747878
81,6.714631944598338,-30.14734355067923,-52.75985656760602,-2148.1797718365924,-0.02738371642514252,-3.0072691794792754,-0.8789845658729334
82,6.8146016509695295,-34.18368838316388,-54.89158233994529,-2139.922869882739,-0.004813390385220918,-2.998079183783435,-0.904279074101887
83,6.864586504155125,-37.290590313729936,-55.81019262187299,-2135.2599572928148,0.010523530728403396,-2.9978464398089897,-0.9155151844917879
84,6.964556210526316,-44.38745991921195,-59.04603323580278,-2122.099780265921,0.03606677113569329,-2.9926177308920554,-0.9449254822467614
85,7.064525916897508,-51.644556121975874,-64.03159229981593,-2103.049122393212,-0.06741582607707658,2.977810993279082,0.9972211154840933
86,7.114510770083103,-55.24844311408865,-66.34303815545212,-2092.2930578183427,-0.08753048600333785,2.9610519614081556,1.0304890280596537
87,7.214480476454295,-61.58515444202418,-71.58320961369574,-2068.414393852407,-0.11897293135729563,2.931095125712688,1.0920521435251882
88,7.314450182825484,-67.06907787557574,-77.48561847390235,-2042.992556114465,-0.15046783478875736,2.893840968351215,1.1483189498049078
89,7.364435036011081,-69.79598827026763,-80.56940559291617,-2029.1832268523046,-0.16878067556747783,2.8706165380168738,1.1751934584955708
90,7.464404742382271,-74.46443465756556,-85.25525245096932,-1998.8942498356507,-0.18411001278136357,2.8268961937895978,1.232738947992103
91,7.564374448753463,-79.0286224931258,-90.12843925726818,-1966.2391943763505,-0.18408846638923868,2.8024655810549146,1.289381220494113
92,7.614359301939058,-81.19180981113955,-92.32879515620203,-1949.4348824512413,-0.18985053401806398,2.785556887458665,1.3151127520200232
93,7.71432900831025,-84.36835298789353,-95.9409182769233,-1915.3645384448241,-0.19506693036890332,2.753182572839858,1.3607744388024492
94,7.814298714681441,-84.80243034674982,-97.47091061787472,-1879.659446895225,-0.18960291360008819,2.7187965785388584,1.4061233128584856
95,7.8642835678670355,-84.27800204147238,-97.3430439372633,-1861.6331949881574,-0.18479892909963483,2.700729476697646,1.4280110334733698
96,7.964253274238227,-83.09960058323337,-95.94919855213496,-1826.7238659128004,-0.18183250001995424,2.6604623833346817,1.4680839673998618
97,8.064222980609419,-81.99768998187317,-91.75992540970512,-1795.6655564532919,-0.1826907732588582,2.6191437878858634,1.5031397884530113
98,8.114207833795014,-81.13224549446451,-88.14839710353087,-1782.6055848098836,-0.18730265093378973,2.595036979485139,1.5167209165784452
99,8.214177540166206,-78.03042837387743,-78.89089927040742,-1761.4752954624532,-0.20619399345022302,2.5468053650156413,1.5396212234335407
100,8.314147246537395,-74.5318407073619,-67.98593464436799,-1747.145701422671,-0.21248206373475945,2.5011822055381008,1.5761726504151008
101,8.364132099722992,-72.77952583482916,-61.62637643217192,-1743.1232950220442,-0.21930877104388002,2.472341067678286,1.5942631689383053
102,8.464101806094183,-69.95194810721262,-48.79127241735092,-1741.2605492203356,-0.23403549414674343,2.4267054752167865,1.6327182935707907
103,8.564071512465373,-66.85563935042293,-36.3137562997944,-1745.4807090705303,-0.25855718332072253,2.368567930348178,1.6644027912978394
104,8.61405636565097,-65.03204162814608,-29.83853323376722,-1748.7227672129088,-0.26867984829979374,2.334782399883837,1.6815195742860014
105,8.714026072022161,-60.63422216127627,-17.305553515026954,-1756.5724032359997,-0.2808429078704163,2.2899616763578075,1.721621843532276
106,8.813995778393352,-55.18341109441056,-7.302708029304798,-1764.0861469327156,-0.2988993766837276,2.23209416832475,1.753141468293593
107,8.863980631578947,-52.34526247206338,-3.6294383349361077,-1767.196743058894,-0.30879938678377733,2.2052385956924683,1.768081672467847
108,8.963950337950138,-47.806336383418454,1.5689992301769777,-1771.2327194874547,-0.32348127001569676,2.153035493294246,1.8048558701561155
109,9.06392004432133,-46.19376491530764,5.239488405983224,-1775.1361013789342,-0.34858869235981693,2.103532966469502,1.8314970246595277
110,9.113904897506925,-46.15740903136614,7.000908930986093,-1777.4514439384832,-0.365735380015234,2.08420987785558,1.8374133727716944
111,9.213874603878116,-47.2352718988877,10.495632758974871,-1782.5853524667918,-0.4020428517438503,2.0492580651209304,1.8439501336878776
112,9.313844310249308,-48.666602521773925,13.018271228257905,-1788.1244099787464,-0.445263859946626,2.00722121600801,1.8437846751886218
113,9.363829163434904,-49.25867484238506,13.99029581097977,-1791.2216919672408,-0.46865328428050135,1.9927067565531507,1.8389528345343373
114,9.463798869806094,-49.4468768503949,16.7088584796521,-1797.5054015419014,-0.507645145830016,1.9715210832875092,1.8225818891121663
115,9.563768576177285,-49.110886129869584,19.131776480472908,-1802.2938588767972,-0.5420341606009115,1.9439009942128773,1.8067213249275038
116,9.613753429362882,-49.25396330596212,19.883181865073304,-1804.2200095059452,-0.5620959532707822,1.9263412950344316,1.798334406804655
117,9.713723135734071,-48.57949343875073,21.663734525927058,-1807.2360493425638,-0.5952351636942506,1.8940725160427632,1.7804150292346206
118,9.813692842105263,-46.60429501830379,23.520237207913844,-1809.4859466890505,-0.6134779415500666,1.8842568908264197,1.7690327201184424
119,9.863677695290859,-45.39849608366289,24.691631414272884,-1810.5089958387396,-0.6190229989330005,1.8726836938443665,1.767777438627624
120,9.96364740166205,-42.749189682701186,26.462986409121232,-1813.2506862455323,-0.63112649130825,1.8458501749863254,1.7613699331597648
121,10.063617108033242,-41.57299994283946,27.11531327797424,-1816.1236109282409,-0.649769914938175,1.8447441799721327,1.7607807904354742
122,10.113601961218837,-41.53931409508675,27.2622870429653,-1817.662727805328,-0.6653812782152332,1.8342708183189815,1.7537273694998707
123,10.213571667590028,-43.01249841140884,27.53511674756197,-1821.3211510079961,-0.6934700573540543,1.818460789144202,1.7471093986206345
124,10.31354137396122,-45.190595567343024,27.73494149146117,-1824.4658050717103,-0.7265311972082977,1.8030400048376878,1.7363394023073768
125,10.363526227146814,-46.60900938410208,27.83866581421781,-1825.8834161808554,-0.7449867489149193,1.7886431809992913,1.7301698545391084
126,10.463495933518006,-49.16695202950814,27.159445050187298,-1828.7476653454644,-0.793761878019088,1.7610970889362785,1.7049824047450355
127,10.563465639889197,-50.780108128839146,27.36966924116445,-1830.5487653178166,-0.8226400143387551,1.7346045517036737,1.6904504650974768
128,10.613450493074792,-51.22393703675348,28.238340073488487,-1831.08449790221,-0.8274153434800786,1.726382346037781,1.690343336956973
129,10.713420199445984,-50.80660952941713,29.21046122283033,-1830.9043478113206,-0.8374884934883233,1.71778403000675,1.6879867626699112
130,10.813389905817175,-50.185366237816936,29.0048018789887,-1831.260542427361,-0.8525433921537732,1.6902983040960868,1.6772809504332835
131,10.86337475900277,-50.01104264671258,28.355006820845492,-1831.300746123432,-0.8632146101292698,1.6758958276861404,1.6714826916842713
132,10.963344465373961,-50.52196862186602,28.031524472844946,-1832.1478524657673,-0.8758480764937396,1.6533285402268516,1.665327883582384
133,11.063314171745152,-51.33537634629275,27.807754149062713,-1834.3817956320863,-0.8918496864807427,1.6291677766368569,1.6523399007437019
134,11.113299024930747,-51.69888029699641,27.210380785825166,-1835.2417540518966,-0.9033672362304708,1.61718665412658,1.6431772975357548
135,11.21326873130194,-53.57190368922849,25.950910774506504,-1837.0095177613425,-0.9181467675712338,1.5947976169348903,1.6380077376647535
136,11.31323843767313,-55.41704276990424,25.030310067893296,-1838.3139631706151,-0.930144737558163,1.5770878234974237,1.6287232206007167
137,11.363223290858725,-55.93910438582509,25.32462623448271,-1838.9462661539849,-0.9339352066896671,1.5701707420314446,1.6239297256684322
138,11.463192997229918,-56.59080971021899,25.017500255363142,-1840.0206675281488,-0.9448926602027841,1.5620362067842384,1.6132012868118673
139,11.563162703601108,-57.5215396740432,24.52102492855676,-1841.4261082590479,-0.9547075660844553,1.5460624281300916,1.6065489019674286
140,11.613147556786704,-57.64090415540255,24.46063574682726,-1841.3379841283572,-0.9579391328245429,1.5376922602701306,1.603193117517578
141,11.713117263157896,-57.6593484013174,24.518448827702493,-1841.1616131923872,-0.9569702087517056,1.535257627193642,1.6049092910844875
142,11.813086969529085,-57.22609787660389,24.44627381389106,-1841.4440651432058,-0.9594850160698685,1.527108810699959,1.5987782795621128
143,11.863071822714682,-57.15829973573284,24.41353435160636,-1841.7162666585907,-0.9627557619514596,1.5244373116622405,1.595580196288147
144,11.963041529085872,-57.691567599245644,24.086100939863556,-1842.5164680454598,-0.969675489468348,1.5130183523567804,1.5902160443026618
145,12.063011235457063,-58.60637026975681,23.63135333728129,-1843.3137240805738,-0.9802387750737246,1.4958922893239615,1.5838273244672634
146,12.11299608864266,-59.06150342891067,23.5489556897829,-1843.5685140677404,-0.9845038410987018,1.4885193955530536,1.5816206885472937
147,12.21296579501385,-59.5323977987085,23.35656236431444,-1844.1744511503698,-0.9920383257669677,1.4811908781435126,1.5754579217171087
148,12.312935501385043,-59.45136564126463,22.874056374408063,-1844.243780247503,-0.9933917574726069,1.476806350821585,1.5734617856672475
149,12.362920354570637,-59.34939656961791,22.642888406104774,-1844.11810468345,-0.9931998980093354,1.4734266917941832,1.5723458636135208
150,12.46289006094183,-59.99961803061066,22.213791491068875,-1844.2280128889934,-0.9982773515808424,1.464975204740574,1.5686849175341593
151,12.56285976731302,-61.392863095651194,21.728609463618575,-1845.634972611622,-1.0111617269024196,1.4594180881433525,1.5610938087078312
152,12.612844620498617,-61.97851886584286,21.73243346639437,-1846.5000357804881,-1.0166504728413932,1.4565437966744994,1.5567835094742433
153,12.712814326869806,-62.72388885755808,21.941492668832176,-1848.0429112522215,-1.0242783555098156,1.448766521741016,1.5502108099253267
154,12.812784033240996,-62.94754730414465,21.983770661295054,-1848.9194749327469,-1.026006591765344,1.4445811724762436,1.5466516943402178
155,12.862768886426593,-63.21760643490859,21.782203715716193,-1849.3932915765374,-1.0285908008661169,1.4449352487237312,1.5437880299215898
156,12.962738592797784,-64.13914717116126,21.45951326414047,-1850.1958617220214,-1.032715369931522,1.4367627718074707,1.5404794537575541
157,13.062708299168976,-65.14490647544639,21.165473341924233,-1851.1569300981396,-1.039399997153929,1.4301610727520184,1.5344769147749358
158,13.11269315235457,-65.5194130340345,21.1701532206444,-1851.5025589144516,-1.0419714202233687,1.4259668583583969,1.5291604094922817
159,13.212662858725762,-66.4127376750294,21.012718946647155,-1851.2476286975868,-1.0449614724946652,1.4189982711643612,1.523889415688221
160,13.312632565096953,-67.59937461142798,20.447556518395906,-1851.0067415830854,-1.047435201981306,1.4123881861887473,1.5236452748173346
161,13.36261741828255,-68.02259806308507,20.21937090617258,-1850.8127770823726,-1.050611483291758,1.408108140308889,1.5204031350089067
162,13.462587124653739,-68.66280541676517,19.60364556347035,-1850.8371425311066,-1.055306318380015,1.4008712480685113,1.5146491493834027
163,13.56255683102493,-69.57722468458408,18.33242549458044,-1851.2689732775868,-1.062033195090093,1.395509750823721,1.509499881754151
164,13.612541684210527,-70.3724766097578,17.676151784771662,-1852.0183314531882,-1.06646571047546,1.3935099158184092,1.5077417639028237
165,13.712511390581719,-71.89937467806655,16.714835517687654,-1852.320374372716,-1.0736619554013753,1.380322537590641,1.507725185759731
166,13.81248109695291,-72.8071365354186,16.00505321204208,-1852.3776958155142,-1.0769824723902262,1.3728242929839913,1.5063545687226907
167,13.862465950138505,-73.04928954839266,15.616734344682271,-1852.470393684792,-1.0784444611191382,1.3709797618700486,1.507919351695443
168,13.962435656509696,-73.46383511088158,14.088473756422502,-1852.614493930318,-1.0837207336222332,1.370469307673104,1.5186238117674293
169,14.062405362880886,-73.00897798810135,13.932077299113097,-1853.6390571987747,-1.0891003944992073,1.3571021038890407,1.5170563096545482
170,14.112390216066482,-73.06644408349072,13.621081666994527,-1854.1667070583815,-1.0927767769440402,1.3533880022011753,1.5187819940667286
171,14.212359922437672,-73.80739980168764,12.646784466651894,-1855.1149053684026,-1.101793864949663,1.3412573824608405,1.5219565221724392
172,14.312329628808865,-74.36048854097712,12.353273075447632,-1856.0514148099699,-1.107977169332649,1.3323286030739987,1.526538205563979
173,14.36231448199446,-74.21530326253642,12.768010350350806,-1856.5604214043783,-1.1076807288829529,1.332321934397664,1.5291266018242575
174,14.462284188365652,-73.80824708019003,13.063446942647687,-1858.1738441520379,-1.1124234507356312,1.3298049206699352,1.5319149734764343
175,14.562253894736843,-74.61829868557967,11.890100019120865,-1859.951569360814,-1.122448254172471,1.3181015092862107,1.5365753316040436
176,14.612238747922438,-75.16007389765309,11.375697414610556,-1860.8635030173843,-1.1282630978643173,1.3129229510377645,1.536493796428473
177,14.712208454293629,-75.86127164373158,10.850969619889689,-1862.5789716203292,-1.140939586921713,1.3055263071082492,1.5326579756344907
178,14.81217816066482,-76.05154269917759,10.452619163591436,-1864.7593488148675,-1.1505105294903435,1.2949905617858708,1.5252891913613764
179,14.862163013850415,-76.15429319767293,9.933333798506354,-1865.4479188991472,-1.1574906960823228,1.2902483661678061,1.5203600210928951
180,14.962132720221605,-77.0973650916026,9.299852823620604,-1866.599235692589,-1.1657652179592364,1.2748692602762366,1.5161739691070626
181,15.062102426592798,-77.9018163317663,8.92262534293669,-1867.8208556336049,-1.1740549748144975,1.2644329197320028,1.507377583270964
182,15.112087279778395,-78.17887422669011,8.80792886718202,-1868.5839063600115,-1.179598919373755,1.258479117049822,1.5019136597422262
183,15.212056986149586,-78.86354631924178,8.342490185560457,-1870.079504570533,-1.1882802318460417,1.2508627345860888,1.495753616702192
184,15.312026692520774,-79.47549016518394,7.550486170467714,-1870.9950890278392,-1.1946923543325605,1.2381636369922153,1.4898650742811692
185,15.362011545706372,-79.80584514692512,7.278201887484791,-1871.501979920364,-1.1972143334481782,1.2341741902441379,1.4889843379122543
186,15.461981252077562,-80.46372045313075,6.778829702012686,-1872.1825576131835,-1.2020441835918472,1.2235013444188216,1.4842144436714646
187,15.561950958448755,-80.82723866838509,6.397012870279966,-1874.169314955414,-1.2103704155462427,1.2123530776178066,1.4746244546028278
188,15.611935811634348,-80.91335425671485,6.349701669002599,-1875.1306464794638,-1.2139264822186047,1.2094540099609867,1.4715543461769784
189,15.71190551800554,-80.68707747078471,6.360138083174675,-1876.5512655032646,-1.2185712349408888,1.2060851923631957,1.4660670522698165
190,15.811875224376731,-80.34044138912151,6.179849808934279,-1877.1834498782848,-1.22049258935873,1.2011344507575656,1.463879953211444
191,15.861860077562328,-80.17628157226346,6.007241432654084,-1877.3625061892308,-1.221134150794233,1.201434536500295,1.4621242118576738
192,15.961829783933519,-80.09703703109594,5.912419633258196,-1877.9610664062973,-1.2214068984573736,1.1959611678003466,1.4611742506804293
193,16.061799490304708,-80.28697464669386,5.7137878606294805,-1878.6939030262802,-1.2271535112347765,1.186848730647029,1.4551729382512837
194,16.111784343490303,-80.44667710004458,5.705191434825267,-1879.211434884557,-1.2298574320972289,1.1827454362068348,1.4523059445477713
195,16.211754049861494,-80.32451626760766,5.7770182598424356,-1879.9989564948303,-1.2331643185310424,1.1752640538300654,1.4468150597206029
196,16.311723756232688,-79.96229073619554,5.567673275545914,-1880.1079940955397,-1.233480032744211,1.1718133554150172,1.4450569203341561
197,16.361708609418283,-79.57780727905325,5.519871943616522,-1879.7731518526778,-1.232586390747944,1.171087588104247,1.4434003885723203
198,16.461678315789474,-78.29253198735142,5.84926340612445,-1879.087099325203,-1.2261752970912188,1.173042156334982,1.4428736966800049
199,16.561648022160664,-77.42913344102675,6.137532514815867,-1878.9622514662772,-1.2230878124919489,1.1687376447797244,1.4420359664704558
200,16.61163287534626,-77.37333156136484,6.120701111815514,-1879.1105644177787,-1.2246615176582658,1.1680883166717526,1.4420858715454297
201,16.71160258171745,-77.17534186065907,6.5338529716769855,-1879.4498823778215,-1.2255484951313382,1.1669852178985163,1.4377626258387202
202,16.811572288088644,-77.00566244528494,7.106561267832575,-1880.312160345912,-1.2240519228009703,1.1683651595110212,1.4372879613416594
203,16.861557141274236,-76.97875538669197,7.242625530184526,-1880.7600646396822,-1.2231604242430392,1.1690652531800143,1.438216502167341
204,16.96152684764543,-76.73956291090747,7.751950694939573,-1881.4203520488013,-1.2224306598680954,1.1727509064463622,1.4369138410197477
205,17.06149655401662,-76.68445575164978,8.12804110860764,-1881.8465431898924,-1.2212735640893413,1.1814825930886999,1.4340459790044373
206,17.111481407202216,-77.06214441982337,8.236477762878486,-1881.6803132293783,-1.21917756808733,1.1858510678170682,1.4342623005465251
207,17.211451113573407,-78.39511013133298,8.685376018441971,-1880.3127935903349,-1.2125526502787736,1.1996181883118981,1.4422180972410898
208,17.311420819944598,-79.23433852127073,9.80923561264457,-1877.9964309666811,-1.1962687579803637,1.234189734673802,1.4543000774958919
209,17.361405673130193,-79.26380103804635,10.636369221605612,-1876.3819040196283,-1.1836217795841577,1.260130718612851,1.4638180787458732
210,17.461375379501384,-79.24090533028013,12.524307556103857,-1871.8474736900746,-1.1514924247454705,1.3156817848972762,1.4858160820264779
211,17.561345085872578,-79.55165215546575,15.214521376555972,-1865.9647153392852,-1.1124821100469202,1.3828574864246523,1.5126988593716506
212,17.61132993905817,-79.53812874313158,16.982241858797565,-1862.8361479961177,-1.0912719423868562,1.4146054293951178,1.525015643962525
213,17.711299645429364,-79.42147362536775,20.365240873490954,-1856.0121766556626,-1.034251463224532,1.5183328375589094,1.5634484007848977
214,17.811269351800554,-78.69937166131817,23.954217712091534,-1847.8058571794068,-0.9641860150853405,1.6429977904396353,1.6006649262014878
215,17.86125420498615,-78.15264231197048,25.679348442856284,-1842.4548152054792,-0.9172959431270385,1.7157022313439947,1.622855852030374
216,17.96122391135734,-76.59077132076882,28.974035235032414,-1829.9738532576841,-0.798509271237593,1.8744904123220636,1.6849601872087678
217,18.061193617728534,-73.51715669369993,30.30261783107408,-1815.601052060661,-0.6813287589833191,1.9986061586749038,1.7335730257932895
218,18.111178470914126,-71.33288509699292,30.595735534704108,-1808.0921213653523,-0.6263964768470889,2.0431085575490466,1.7493313083978486
219,18.21114817728532,-65.18898917289889,30.49965091427495,-1792.173368512509,-0.5226943851945142,2.135881047743754,1.784672498507538
220,18.31111788365651,-56.864738957187896,29.894538090371015,-1776.1861596153637,-0.420836984834593,2.2212520195803664,1.8190268988648652
221,18.361102736842106,-52.514196033707876,28.8533683785908,-1768.611426489525,-0.3788689854620634,2.256989515765393,1.8303004852384843
222,18.461072443213297,-43.276000765667405,26.464148156732584,-1754.3422359258843,-0.3072041550233551,2.291774481944639,1.847746244178638
223,18.561042149584488,-32.55172890349769,24.029688037917946,-1741.1257388558995,-0.22455051962344272,2.3287155505182318,1.8760687713435509
224,18.611027002770083,-27.180729485550998,22.425357672888804,-1735.2659569900434,-0.18665949466712148,2.3454893969176873,1.8892536287483552
225,18.710996709141273,-16.90472005227575,19.51846717750046,-1725.9443353212082,-0.1430136737014818,2.3425711636915407,1.8907219316392139
226,18.810966415512468,-8.530077878728314,16.807808192964224,-1719.2097589522866,-0.10698344270489438,2.3499831966580342,1.8862582843241582
227,18.86095126869806,-7.003445116817126,15.773453462772693,-1716.3780393468573,-0.1001939386939584,2.3664045461182193,1.897019149732241
228,18.960920975069254,-5.187970306327223,15.311443387855,-1713.3588983397829,-0.09363902993614664,2.37728333226045,1.8899748556827103
229,19.060890681440444,-3.889972226675411,15.147928177837134,-1712.2567442196014,-0.08479567681969703,2.389637283527827,1.8785927924766805
230,19.11087553462604,-3.3940312066893483,15.112089858407014,-1711.3857927837068,-0.07474371750441533,2.399139154642202,1.8752803645502623
231,19.21084524099723,-0.8804748347051614,14.725682425776844,-1708.167937455016,-0.059749610300845225,2.416954478239905,1.8746688668934763
232,19.310814947368424,1.6600880396994455,13.292899085527178,-1704.2303403053265,-0.04597512723935197,2.4337507568953054,1.8758560451048203
233,19.360799800554016,2.7744715458835785,12.516099380630168,-1702.4218591798024,-0.040127653523862716,2.4448667265622337,1.8755673094686336
234,19.46076950692521,4.389586182014014,12.346133232097383,-1699.4128383640495,-0.029525918068103688,2.4654607613728357,1.8722575054795259
235,19.5607392132964,5.427737699951692,12.263315159440467,-1697.7150502270072,-0.02003559738062726,2.484005604185885,1.869008863899884
236,19.610724066481996,5.823453092866892,11.99751740544164,-1697.549087822094,-0.025019009673047425,2.487673688611269,1.862929674788261
237,19.710693772853187,6.410404330616565,12.188530857920165,-1697.4428742292926,-0.0221681697029917,2.495440421497332,1.8559624335586642
238,19.810663479224377,6.6191723276828185,11.88333846828554,-1696.8860633930713,-0.016345325025685614,2.5007098660116847,1.8505094504432886
239,19.860648332409973,6.627831971113459,11.891899100227459,-1696.8291714648178,-0.01014797313169526,2.5026645859672167,1.8497847014053352
240,19.960618038781163,6.161865944954293,11.695277127329733,-1697.1176326404543,-0.011313462870483966,2.500106436617726,1.846457226422914
241,20.060587745152354,6.40750734553648,11.290049903185821,-1696.591758191103,-0.007249135393043847,2.500624072578825,1.8481067392260895
242,20.11057259833795,6.467532308833647,11.152697946194056,-1696.2837982496528,-0.004916995794991791,2.4999470303410645,1.8513795253102379
243,20.210542304709143,6.5165075219665525,10.384692849805399,-1695.9411098376959,-0.009456928722637778,2.4998286386787316,1.8491608695690946
244,20.310512011080334,6.873290620641058,9.87749945126187,-1695.4339080348611,-0.004572090209871404,2.499127424283633,1.852157051606602
245,20.36049686426593,7.069153082472397,9.63949721115221,-1695.16532291474,-0.0032050043894388727,2.4975261993858857,1.8512831993843062
246,20.46046657063712,5.90394024239388,8.829809582005169,-1694.4872533123537,-0.005709572544794188,2.498694115425121,1.8492651761492356
247,20.56043627700831,5.33726166546586,9.123144488286023,-1693.8326826110494,-0.008878571550841995,2.499359763699748,1.8454628451299626
248,20.610421130193906,5.253284193244461,9.112371641530924,-1693.7992760206228,-0.012527361162228611,2.5021860053333413,1.84290809387239
249,20.7103908365651,5.815595131714275,8.868466544666866,-1694.5228036908663,-0.009389956310001862,2.505840662681129,1.83740542487137
250,20.810360542936287,5.68340854735672,9.25933658879877,-1694.613408290684,-0.008545215400552954,2.508593033333223,1.8315324404083535
251,20.860345396121886,5.329094822548001,9.746049320273858,-1694.564999962644,-0.007522158877041678,2.5121282868730628,1.826602992879315
252,20.960315102493077,4.6265662470365285,10.288826899357908,-1694.5460278893484,-0.016064708923925936,2.5103204472340064,1.8137201488616113
253,21.060284808864264,4.670372635749594,10.78992142831377,-1696.0113947138154,-0.01636207867427866,2.5117731219021358,1.802447592001668
254,21.110269662049863,4.643186765380406,10.599971007605804,-1697.339629476785,-0.020938065155257393,2.5172409049565787,1.7926169977954478
255,21.210239368421053,4.71019015796508,10.772208864227602,-1699.455407474496,-0.01939859845516155,2.5291103219631372,1.7872588715952522
256,21.310209074792244,5.197872549485517,10.521224673919026,-1698.335998475093,-0.020212920344861354,2.5317926959424266,1.7843155633899985
257,21.36019392797784,5.223111759652845,10.355100233818685,-1698.184474034468,-0.025296210330717335,2.533122651878952,1.7777160079052727
258,21.46016363434903,5.189529976039573,9.930698741457299,-1698.1642269849485,-0.03106161630497237,2.534724335679358,1.7631424916116438
259,21.56013334072022,5.230536610699616,9.95652355491018,-1697.4751614395504,-0.03632156101766478,2.531352216577283,1.752025996528235
260,21.61011819390582,5.285949832816179,9.909738065186708,-1697.226925549981,-0.03873859503480534,2.5334225487689066,1.7481627291526018
261,21.71008790027701,5.399311111453635,9.573929570733544,-1697.2720985150233,-0.037713489810238594,2.5361945443492546,1.7470444902670947
262,21.810057606648197,5.466569797536344,9.430236219194828,-1697.5580788896928,-0.03677611191029694,2.540143073848058,1.7466026793063043
263,21.860042459833796,5.574789930983442,9.544144323235573,-1697.6203345025924,-0.03821986441381109,2.541384253515118,1.743198628439698
264,21.960012166204987,5.279309935084257,9.429675770450201,-1697.4860676352846,-0.03567218752491856,2.541206711422991,1.7405599094228856
265,22.059981872576177,5.467105922056774,9.264415934805617,-1697.4822031296155,-0.034052993049527545,2.541034994505494,1.738846096268624
266,22.109966725761776,5.390499395510581,9.194242050496165,-1697.6036668734598,-0.036478318413888135,2.5413714883233443,1.7363346455397348
267,22.209936432132963,5.279798863521883,9.231090912499896,-1697.3926402191814,-0.03576752739292229,2.541611663709166,1.7352975899105072
268,22.309906138504154,5.398903537625493,9.159142605938078,-1697.1799964883817,-0.03820913083183095,2.5401016315595677,1.731605961963287
269,22.359890991689753,5.49699105252094,9.160613675632455,-1697.0896223792588,-0.03755859744462837,2.5385204058034847,1.7314594998220108
270,22.45986069806094,5.572442133708762,8.791118237559242,-1697.1477541108982,-0.03787061972551268,2.539952601427926,1.7282701626073143
271,22.559830404432134,5.60352729724633,8.620628095112574,-1697.0633641606607,-0.03902748790977768,2.538640766522622,1.7255273239706008
272,22.60981525761773,5.667505619883073,8.689337171163508,-1697.0077853307014,-0.0392052463527096,2.538523835021439,1.7244696698017685
273,22.70978496398892,5.452212017845355,8.741600406069425,-1697.017669307306,-0.040504170388385836,2.541479956895099,1.7201427440633248
274,22.80975467036011,5.384273591685428,9.134850839231227,-1696.8597570062757,-0.04054188941190172,2.5381528857751054,1.7189255776609762
275,22.859739523545706,5.208212708413974,9.209572042925574,-1696.7958340658013,-0.04198170656508647,2.537644615077838,1.7179933514821615
276,22.959709229916896,5.349216339517653,9.219737514280418,-1696.6745981588726,-0.044023836769326065,2.537210486309259,1.7161396574259244
277,23.059678936288087,5.433826253269345,9.259252583153248,-1696.584701731487,-0.04600570687686019,2.535738980273362,1.7136887403864958
278,23.109663789473686,5.444387960739846,9.33151180551311,-1696.4207900628915,-0.04722446382250109,2.533098418297273,1.7133065343127634
279,23.209633495844873,5.257370218843548,9.302665604875122,-1696.5734122280205,-0.04671802441238529,2.537120285963541,1.7118294431492116
280,23.309603202216067,5.470053761603751,9.41032547026221,-1696.5218397302278,-0.048904390556532645,2.536195867355524,1.7123644691322677
281,23.359588055401662,5.361246315814874,9.453190037528667,-1696.4612500795263,-0.04652277834635631,2.536465777769882,1.7145150006932828
282,23.459557761772853,5.369231721955558,9.531658721523339,-1696.5350812920076,-0.04816303748876625,2.535955957914809,1.7125567836797693
283,23.559527468144044,5.420441855063416,9.536169616399171,-1696.3397524583481,-0.047347954297582096,2.5373885138431507,1.7111867057330223
284,23.60951232132964,5.357516214290996,9.557942967311675,-1696.2804150591683,-0.047822077661644216,2.536908892211759,1.7097978141284307
285,23.70948202770083,5.351447683867036,9.729064232238882,-1696.2240164739615,-0.048759534399515525,2.536588096784404,1.7081494456948534
286,23.809451734072024,5.212849899184718,9.896077733798919,-1696.0577619195608,-0.046765194501392646,2.5382873393002474,1.7078736969262438
287,23.859436587257616,5.221138953060823,9.976798628122529,-1695.9604701876542,-0.04786622440362983,2.5361415203409448,1.706005837384189
288,23.95940629362881,5.192865198449077,9.972189673716265,-1695.8809897452963,-0.04806205651410167,2.536517865566497,1.7043774378677439
289,24.059376,5.29619832697437,9.89866744468587,-1695.9831995661505,-0.047666967030369684,2.5363508393053835,1.7034683944993312
