,Time,x,y,z,qx,qy,qz,qw
0,0.016705079658605976,-79.93417683940837,-395.1094703791198,-1750.4689947999484,-0.25994354777151724,0.7022940316760032,0.1762959448743348,0.6388541178747028
1,0.0668203186344239,-80.1939887863434,-394.79898769334073,-1750.5734195668272,-0.260718594553053,0.70173248579024,0.17594117407868273,0.6392511526033772
2,0.11693555761024182,-80.45380073327843,-394.4885050075617,-1750.677844333706,-0.2614936413345888,0.7011709399044767,0.17558640328303066,0.6396481873320515
3,0.2171660355618777,-81.17172096777796,-394.0095182297409,-1751.2574857397813,-0.26292355180737126,0.7010973371007277,0.17450585591854942,0.6394383755025965
4,0.31739651351351356,-81.8323715813986,-393.47259971306215,-1751.6920147677445,-0.2650539247310135,0.7002772820915649,0.17431196353631884,0.6395103474841123
5,0.36751175248933143,-82.14457774368961,-393.38179317563277,-1752.0938910643029,-0.264748903253482,0.7006582081933247,0.17496541793655487,0.639040840669581
6,0.4677422304409673,-82.38827643643069,-393.27424965003013,-1752.3471518736794,-0.2653659670237755,0.7003215388440815,0.1747438676666922,0.639214538703149
7,0.5679727083926032,-82.55994585533088,-393.6602843436485,-1752.7297291758043,-0.2652686410657757,0.7006929244613057,0.1751124479888076,0.6387469015473554
8,0.6180879473684211,-82.73682502669962,-393.94703072531274,-1752.8313183388032,-0.2658527538851575,0.7008374187789216,0.17476052994667055,0.6384418398442689
9,0.718318425320057,-82.93059958011523,-394.4269858483552,-1752.6117343553253,-0.266126885192151,0.6999350996492052,0.17518680821161323,0.6392002186213709
10,0.8185489032716928,-83.53056085134511,-394.52132165798037,-1751.241573773577,-0.2659093864936209,0.6984193183275184,0.17701940153144832,0.6404426480512979
11,0.8686641422475108,-83.9331079687872,-394.479768871205,-1750.354007087006,-0.26520530448084356,0.6978342470662925,0.17825820485134106,0.6410284880563586
12,0.9688946201991465,-84.36736465492586,-394.3166072813067,-1748.3953961589564,-0.2647430658168343,0.696754351743143,0.17911876608752214,0.6421533695809587
13,1.0691250981507825,-84.34991092147803,-393.9673629060087,-1747.2027320927202,-0.26341103188248677,0.6962200827812273,0.18061204370480696,0.6428619714086978
14,1.1192403371266002,-84.54564358653747,-393.75152000077657,-1746.7642543547584,-0.2636366896957309,0.6959364038021003,0.1810203839341289,0.6429617704884306
15,1.2194708150782363,-84.8402125244645,-393.32020135373307,-1746.7186374909736,-0.2638027391503033,0.6960735005525397,0.18192160860126796,0.6424907197534122
16,1.319701293029872,-84.90879017710569,-393.0694523174389,-1746.7096914009737,-0.26437439706259136,0.6961211410812399,0.18157881881500973,0.6423010724537905
17,1.36981653200569,-84.85556220733221,-393.0646233746635,-1746.7532089954204,-0.26450215517188974,0.6963747571153418,0.18162241375768948,0.6419611408666454
18,1.4700470099573257,-84.36045206695508,-393.3135691942662,-1746.762463110251,-0.26377772204410965,0.696609686460404,0.18114482805265886,0.6421392445198554
19,1.5702774879089618,-84.07083781554192,-393.6328878373809,-1746.4588197565417,-0.26335864943864645,0.6975666475292696,0.1798784258916898,0.6416281991304279
20,1.6203927268847795,-84.18448884673523,-393.5389568722458,-1745.5630188415025,-0.26411000378643207,0.6986614547751016,0.17903027169174532,0.640364145880646
21,1.7206232048364154,-85.66089266002191,-391.5430523970426,-1738.7957825401095,-0.26252890910740534,0.6986715248969585,0.1820046068326692,0.6401648188339624
22,1.8208536827880515,-86.98466856906214,-386.440220852909,-1724.8056261129195,-0.2520139509332295,0.6990385942785772,0.19229784088304205,0.6409801499545635
23,1.8709689217638692,-86.59347388875833,-382.81259253217473,-1715.7544876936506,-0.24657511528453213,0.6977521934042838,0.19661936193903792,0.6431822569323692
24,1.9711993997155053,-81.10960959584065,-373.61064699307093,-1697.0719535059352,-0.2408154099593136,0.6875031200011991,0.1987245095627792,0.6556340195671495
25,2.071429877667141,-69.19940073637412,-363.1197863291578,-1682.4677288693074,-0.23385546643786687,0.6830012393748665,0.19458951046183165,0.6640450664282874
26,2.121545116642959,-60.72674100961774,-357.94303469494207,-1676.7877219749498,-0.2282148859780824,0.6846156230910707,0.19018314060040595,0.6656198520694844
27,2.221775594594595,-41.24469987518064,-349.71251517987537,-1667.9516304053986,-0.21047043876447816,0.686373177017853,0.1808019420785642,0.672238584148014
28,2.3220060725462304,-22.97897317864347,-346.7398970388421,-1663.6463670990815,-0.1967496014479964,0.6891962604894277,0.1626172726918179,0.6781251591555342
29,2.3721213115220485,-15.140981466007318,-346.17488623393933,-1663.7678262140084,-0.19084879269992677,0.6944318749513,0.1563674931348023,0.6759366216350021
30,2.4723517894736844,-1.5951137925242733,-345.613912282962,-1664.4692583759233,-0.1767652813951927,0.7028802487480089,0.1467456027097952,0.6731857984973796
31,2.5725822674253203,7.7822745807016105,-345.0688701274985,-1664.9596800802017,-0.17233424053681917,0.702691140262631,0.13809001975211116,0.6763558363612031
32,2.6226975064011384,11.05347046547233,-344.8765538973189,-1664.7607991338516,-0.17064928203576024,0.702279524014929,0.13518974954760543,0.6777949721761737
33,2.722927984352774,14.673353527876714,-344.72007650865805,-1663.5419030899861,-0.168301639390031,0.7023327655808502,0.13097193442267008,0.6791535886408658
34,2.8231584623044097,16.261021657254915,-343.93600123474164,-1661.052034424841,-0.1637518001596525,0.7022937634858603,0.13169406644209872,0.6801657816865561
35,2.873273701280228,16.78366819664744,-343.40264975441835,-1659.6429297753302,-0.16072468365597417,0.7026731220130095,0.13280160326709972,0.6802806728357532
36,2.9735041792318637,17.779638597988324,-342.9322471112383,-1657.3984005203015,-0.1580074678452614,0.7022925948303403,0.13466386760643015,0.6809437525323762
37,3.073734657183499,18.472699536145583,-343.72388879896096,-1656.5159664628377,-0.15781630162336188,0.701629886075158,0.13400739991540686,0.6818002161014597
38,3.1238498961593173,18.376055414632162,-344.296429154629,-1656.7483565131715,-0.1570273274907446,0.7028923344118878,0.13460331486207036,0.6805635402181517
39,3.224080374110953,18.085879090800262,-345.2292371894823,-1657.126683566013,-0.1577704789242926,0.7027744270761848,0.13352122689534685,0.6807265696269692
40,3.3243108520625895,17.602042079893337,-345.9174714365182,-1657.8901221582676,-0.15777842998197855,0.70302708855905,0.13389033809617315,0.6803912529927908
41,3.3744260910384067,17.514293572731574,-346.0996013802194,-1658.3480559451218,-0.15735635017903887,0.7023319588085806,0.13419840976609299,0.6811457887344572
42,3.474656568990043,17.447067188586573,-346.1966108675523,-1659.5252673265804,-0.1581247786256701,0.7020694798413257,0.13315015117665266,0.6814440821531491
43,3.5748870469416785,17.45413650870276,-345.9927726003092,-1660.2077687197932,-0.1582362881181449,0.7007146451820023,0.13232027283134112,0.6829726264996946
44,3.6250022859174966,17.37363039582179,-345.93974417979814,-1660.7905759180076,-0.15826446529181742,0.7003728220816263,0.13242658946300773,0.6832960321255419
45,3.7252327638691325,17.28385571916141,-345.7472513566028,-1661.8051242296033,-0.1584384575089568,0.699931158370639,0.13153586569997505,0.6838800660632506
46,3.825463241820769,17.951109810081462,-345.3678753624908,-1662.114788790288,-0.15789205793327674,0.6985423586595012,0.1315042997089828,0.6854307334501902
47,3.875578480796586,18.245114819072242,-345.29355356732304,-1662.387244202305,-0.15673304565529184,0.698533252346448,0.13185746794622077,0.6856381377320847
48,3.9758089587482224,17.919548645875068,-345.13208221512775,-1663.0548430511094,-0.15682603021870348,0.6974514658110693,0.13245423841141898,0.6866024496101687
49,4.076039436699858,17.520873885546777,-344.99288035415043,-1664.3725619073641,-0.15635301845622449,0.6974982929168865,0.13213496780068792,0.6867242643754246
50,4.126154675675676,17.23635289172846,-344.8180114128225,-1664.813516652806,-0.15625077111866337,0.6968524072671302,0.13248333869318885,0.6873358596636252
51,4.226385153627312,16.679792962467744,-344.62939524143684,-1665.237694154794,-0.15520388186439385,0.6970194207052719,0.13285085071093755,0.6873327677910392
52,4.326615631578948,16.524849873939132,-344.70284157390677,-1665.7762186652328,-0.1547241163671386,0.6959120698090027,0.1330971827473274,0.6885143272679825
53,4.376730870554765,16.444609904979757,-344.78811492257614,-1665.8871611939053,-0.1555159077971284,0.6953694365825882,0.13252985405959908,0.6889934592373069
54,4.476961348506401,16.313749717546102,-345.259531764434,-1666.417648663601,-0.15393212017034386,0.6955464773233092,0.1322211385756947,0.6892296937717824
55,4.577191826458037,15.990613024016398,-345.38497697046824,-1666.3849684212585,-0.15335899550295495,0.6944893874907244,0.13289306393555841,0.6902933743843285
56,4.627307065433855,15.847196757869042,-345.37943922416366,-1666.3271958409603,-0.15275943595285454,0.6940111030248655,0.13404540750320837,0.6906844231144019
57,4.727537543385491,14.941623897674106,-345.37194694636383,-1666.1043580860176,-0.1529812508538076,0.6948645583189546,0.1372052349029239,0.6891550667263805
58,4.827768021337127,13.907045100026068,-345.6237736196769,-1666.8505241704333,-0.1540021023229815,0.694408532205646,0.13770229703754208,0.6892881982673769
59,4.877883260312945,13.89558476660659,-345.8172280718128,-1667.1872740123329,-0.1541963330092359,0.6940524976960113,0.13698652310481704,0.6897458327645672
60,4.978113738264581,13.982982347060158,-346.5575386099304,-1668.2309314548104,-0.15413185032829602,0.6939349163787965,0.13591739901932268,0.6900899689088017
61,5.078344216216217,14.319731124181843,-347.35116995699093,-1669.0158642983733,-0.1545444708464173,0.6933718490674898,0.1349631936824788,0.6907506220066376
62,5.128459455192035,14.546924952306469,-347.6567233787179,-1669.284677198847,-0.1536701130880026,0.6935155087863264,0.13462308548899934,0.6908678312599196
63,5.228689933143671,14.342527722960114,-347.76611675261574,-1669.4078973493042,-0.15376900315953665,0.692338278764078,0.13448265684543576,0.6920529000250695
64,5.328920411095306,13.488479025953012,-347.53500680895957,-1669.5043023509204,-0.15476546060530952,0.6913528807003121,0.13495569591231224,0.6927234705795885
65,5.379035650071124,13.083170250950047,-347.3286210844083,-1669.4744327005897,-0.15543927187635628,0.6905457646949997,0.1352150615171037,0.6933268109335394
66,5.47926612802276,12.328661857206953,-347.0017624743475,-1669.3792683809106,-0.15576195571080806,0.6900220309119803,0.13613475341320627,0.6935958037087421
67,5.579496605974396,11.722951168505176,-346.9016583829703,-1669.4211203016407,-0.156024644446762,0.6893976681838276,0.1368227796393187,0.6940221123276499
68,5.6296118449502135,11.336205056415949,-346.8047588384937,-1669.577095726042,-0.15734492119492963,0.688839648578124,0.1367284736159899,0.6942966504481854
69,5.72984232290185,10.456075261161956,-346.8201742457399,-1670.288562730345,-0.15738412417486763,0.6889128836651959,0.13723225992859284,0.6941156841713818
70,5.830072800853485,9.527716038006815,-347.2898034185734,-1671.1832333892162,-0.1573583530738967,0.6893180069768844,0.1367081118798321,0.6938226906937667
71,5.880188039829303,9.184190873591035,-347.73883515320193,-1671.9338733568784,-0.15801867748339454,0.6896964399800132,0.13601709692424305,0.6934322372010088
72,5.980418517780939,9.232426790722926,-348.339811316373,-1673.0117756822472,-0.15862587282294216,0.6900579871134416,0.13488043035566,0.6931558817460737
73,6.080648995732576,9.363364569715031,-348.4145523330599,-1673.1567626846222,-0.15796200759097803,0.6894399480449374,0.13534151152011564,0.6938322833776708
74,6.130764234708393,9.361398759091301,-348.44535949603886,-1672.8295480225727,-0.15846372139810844,0.6891572254185159,0.13506618434540044,0.6940523708629558
75,6.23099471266003,9.36432429753026,-348.6282830214561,-1672.4478335223787,-0.1584949919664986,0.688406766889197,0.1355741006444804,0.6946906678926547
76,6.331225190611664,9.789981974094388,-348.6046282753091,-1672.0248779642875,-0.1586501584190429,0.6874498100023326,0.13598799109583862,0.6955214966045892
77,6.381340429587484,10.079126698323122,-348.59940154804553,-1671.9685103278175,-0.1584884862080916,0.6871149771398412,0.13597491808117412,0.6958916794892731
78,6.481570907539118,10.348134505620479,-348.68571351835095,-1672.3106984953704,-0.15959096886449067,0.6865119486502522,0.13585512003862607,0.696258180114688
79,6.581801385490754,10.552824332763976,-348.3428406134539,-1672.2515604762204,-0.16310849779207234,0.6838910198430231,0.13413285156425248,0.6983531120123441
80,6.631916624466572,10.505742285709673,-347.968445844715,-1672.3080494791427,-0.16402263530154573,0.6827493733838226,0.1345791348221656,0.6991697395649008
81,6.7321471024182085,9.889355338370365,-346.8319854360357,-1672.3692760320341,-0.16704225855524737,0.6803034260151141,0.13626959116283724,0.7005103360644819
82,6.832377580369845,8.945967700993037,-345.9067882602865,-1672.5092821907413,-0.17018423116864306,0.6792789630751723,0.13605672344405495,0.7007895445786307
83,6.882492819345662,8.703969306639337,-345.6400011538072,-1672.7389561952323,-0.17034803765245235,0.680084692445702,0.13642731820306056,0.699895666522457
84,6.982723297297298,8.901684203710971,-345.3030310999464,-1672.3949450128812,-0.1714354648761947,0.6793738193271557,0.13641466889367238,0.7003228777543583
85,7.082953775248933,9.118743508047814,-345.4279178956367,-1672.1900019833133,-0.1714933141425564,0.6796654591311356,0.13646716915003324,0.7000154416958537
86,7.133069014224752,9.245215306657457,-345.4207379363397,-1671.9772013133447,-0.17158588842436104,0.6790017820163832,0.13678136713729455,0.7005752782651208
87,7.233299492176387,8.658935217970978,-345.3881944015282,-1671.5748257278306,-0.1721538437921186,0.678877688462463,0.13683297492780624,0.7005461263527678
88,7.333529970128023,5.895750734006157,-344.76706026894004,-1671.2858263094208,-0.17346794275738556,0.6781385945035585,0.1386736352985784,0.7005758648093263
89,7.3836452091038405,2.6061842926275887,-344.29765838682135,-1671.2817837185505,-0.17535113457739648,0.6774447074410368,0.1395847126073771,0.7005974278919841
90,7.483875687055477,-9.644511591919468,-342.8277113720802,-1671.6432872211515,-0.18199861237408413,0.6759878257563803,0.14025135221561807,0.7001760655183525
91,7.584106165007113,-29.652965704991516,-340.00713513271126,-1671.8069695702147,-0.18600968033501838,0.6776565030851024,0.14325076652625365,0.6968940238929989
92,7.634221403982931,-41.85625886809149,-337.3610673184493,-1671.1502685480161,-0.18718911369140592,0.6776288111740351,0.14449791909031798,0.6963474573521885
93,7.734451881934567,-69.87996970233536,-326.7614791492539,-1668.7554028418451,-0.1918288848975639,0.673685336283783,0.1503869081422425,0.6976629017330506
94,7.834682359886202,-100.98851255345923,-309.46347298479867,-1666.913215084944,-0.1938287648644792,0.671846615943457,0.15759545976909833,0.6972920518811341
95,7.985028076813657,-144.22858914839853,-266.6945290053284,-1669.9972766045828,-0.21149396483193628,0.6708206610695743,0.16540709025606162,0.6913106667880008
96,8.085258554765291,-163.52354111263267,-228.2816817690071,-1676.2274627595168,-0.23058909968469296,0.6669463654135891,0.16419332201943523,0.6892399914198452
97,8.185489032716928,-175.30293239246882,-187.20407687126732,-1685.6391346669186,-0.2463187333943448,0.6617908500540906,0.1620149022931483,0.6892830505667693
98,8.335834749644382,-180.12063590210664,-127.5000086755168,-1705.8137125357532,-0.263527554879772,0.6655067640287715,0.15490298158407212,0.6809251362282102
99,8.436065227596018,-175.7531920491445,-90.73935555473992,-1722.1934426564037,-0.26798693348488795,0.6703393912732509,0.1504653814126141,0.6754171103733826
100,8.536295705547653,-168.16773661113513,-58.94025440703588,-1740.8221439843994,-0.27227372798890653,0.6747903996335706,0.14239023889525076,0.6710066717080706
101,8.686641422475107,-152.89277569693334,-18.671855555674256,-1767.1996134904975,-0.2781348513062479,0.6839043541789561,0.13111171475656486,0.6616083109193154
102,8.786871900426743,-140.15392116587375,3.5534107451186543,-1780.4185850644587,-0.27837925771407845,0.6884319912421858,0.12603491491987967,0.6577853620521031
103,8.88710237837838,-125.17385204610022,20.35765273296829,-1789.1075310741192,-0.27666456454017146,0.690902172473426,0.11743241448229044,0.657510862897456
104,9.037448095305834,-102.3137660532397,35.97985791736507,-1796.8257260001596,-0.2692743411191549,0.6961835750958623,0.10387762357418863,0.6572892805319194
105,9.137678573257467,-90.26617040994,41.79134108286502,-1799.073825102924,-0.2633567526316918,0.6984972439123976,0.09783366627864724,0.6581590953808606
106,9.237909051209105,-82.41406800662543,44.51535444095815,-1800.872984028652,-0.260875031996033,0.7004608877556336,0.09453981824825917,0.6575416223869364
107,9.388254768136559,-73.7056472454033,46.06617081714859,-1803.464269534754,-0.2577160343388345,0.7031370104073188,0.09023713896773228,0.6565348802546906
108,9.488485246088194,-68.79000717966115,46.851401620882044,-1804.570577262952,-0.2555216965201596,0.7039528740306068,0.088605499510641,0.6567404960926179
109,9.58871572403983,-65.09687453468241,46.852888418984065,-1805.5065366434062,-0.2543966581169055,0.704208649863079,0.08727029409595286,0.6570817403986933
110,9.739061440967284,-61.893419094371936,45.96899027421888,-1805.709606830657,-0.2521345562066516,0.7049833584610616,0.08505015785589333,0.6574139491280399
111,9.839291918918919,-60.98607356110358,46.13051225172869,-1805.5396330567096,-0.2523831803921496,0.7043045311227579,0.08475268123814765,0.6580842200798014
112,9.939522396870556,-60.784877885861334,46.75308418633739,-1805.4580662694818,-0.2514127045677956,0.7044158404440483,0.08566537258024416,0.6582183677580711
113,10.08986811379801,-60.25731693378739,46.817739072633316,-1805.7049136638238,-0.2515961001042203,0.7038006311312518,0.08418241030143367,0.6589972654172701
114,10.190098591749644,-59.84486045585818,46.80254914728599,-1805.7461503033787,-0.25134259923761104,0.7034521991145833,0.08376855498171816,0.65951855968245
115,10.290329069701281,-60.040952823869276,46.98159762594024,-1805.9504082852573,-0.250925628271932,0.7035596976174278,0.08475495016036819,0.6594366378873131
116,10.440674786628735,-60.959828203283976,46.99530609223217,-1806.006743232837,-0.25170315567512075,0.7028504862473082,0.08540507921111581,0.6598126157099844
117,10.54090526458037,-62.06716355157759,46.93241880685156,-1805.5307915010903,-0.252141129855252,0.7019263061922466,0.08660310669471759,0.6604727195134169
118,10.641135742532008,-62.36975817870247,46.66315478308725,-1805.3421999127195,-0.25181494222728046,0.702533597439895,0.0869779233971272,0.6599019777063518
119,10.791481459459462,-61.85310318260959,46.72356158308722,-1804.5777608658907,-0.25131277026994303,0.7018903780705045,0.08744247579177425,0.6607159768756133
120,10.841596698435279,-62.08452928398776,47.07787050543533,-1804.279419341066,-0.2518864053236122,0.7012316903868473,0.08741437246416468,0.6612004860078748
121,10.991942415362733,-63.06100225836829,48.07526663969385,-1803.8561266507172,-0.2534086089216756,0.7002577129375885,0.08804771171277198,0.6615669375489859
122,11.092172893314368,-63.02012538398985,48.32233166296909,-1803.6135008064055,-0.2537112187745939,0.7001555377736144,0.08856992874909214,0.6614893862445803
123,11.192403371266003,-62.82502419462351,48.292425630085276,-1803.3541508977526,-0.2529734471016747,0.7003275509395301,0.08914628473791622,0.6615124310048618
124,11.342749088193457,-65.14110543315074,49.424566258988634,-1803.1620425903393,-0.2553628764993388,0.6994050719785537,0.09254307961572379,0.6611037172879118
125,11.442979566145093,-66.83214205337336,50.38662651235322,-1803.1035984093596,-0.2577960455809105,0.6984611313075344,0.09495397298618287,0.6608153977848756
126,11.54321004409673,-68.23053494222145,51.597245850690925,-1803.1823267904863,-0.25913943203592954,0.6982954739052851,0.0995462968283826,0.6597883908309123
127,11.643440522048365,-70.42948069813329,52.879797355654475,-1803.675927394764,-0.26210964584808266,0.6977137103467249,0.10255123755108503,0.6587695770330777
128,11.743671,-73.00078849286973,54.35881500445727,-1804.5329070796856,-0.2666606323778987,0.6965530186832851,0.10746142419521709,0.6573872843407894
