,Time,x,y,z,Rx,Ry,Rz
0,0.01666402051835853,-129.53813980287222,-346.3336091302044,-1663.0845764864573,1.7381434082395506,0.818291075218816,2.1528667003504944
1,0.06665608207343413,-126.15344353195644,-345.94674028871503,-1659.9411446479276,1.7221692745878123,0.8476314747881151,2.1275695322227035
2,0.11664814362850973,-122.76874726104066,-345.55987144722565,-1656.7977128093978,1.706195140936074,0.8769718743574141,2.1022723640949126
3,0.2166322667386609,-116.61201248663761,-346.61127139479987,-1647.9946919041106,1.681309349453027,0.9180904978658672,2.0696342024227112
4,0.3166163898488121,-116.1010943125498,-349.7073729814627,-1637.501922938651,1.6568923583417323,0.9282523415276316,2.062971256800771
5,0.3666084514038877,-117.59274595038798,-350.2774379804452,-1632.5323776507878,1.6446848986961873,0.9331887673693179,2.062815680212226
6,0.4665925745140389,-120.42208761323909,-347.3091535463348,-1624.1222190947344,1.6248987842188374,0.9633094449546035,2.0718262150474507
7,0.56657669762419,-125.53417569274941,-345.09164699365175,-1623.1098524749661,1.6013983043211635,0.9796996569414035,2.0650889006892035
8,0.6165687591792657,-126.71180306382422,-343.2519987921655,-1626.9535963917665,1.5972656273025092,0.9883993078661701,2.058132370192242
9,0.7165528822894168,-120.15722490827036,-335.6410340460475,-1649.4367920416882,1.624177977546711,1.0079672226310101,2.0170408119751473
10,0.816537005399568,-109.09850064712737,-326.2182535593757,-1687.2188349641008,1.6791488785246698,1.01238641484075,1.9768597457923656
11,0.8665290669546436,-106.52619283064337,-322.426289048466,-1708.0713423398363,1.6932794885970595,0.9937555862870276,1.9640026979479464
12,0.9665131900647947,-105.67306534163242,-316.1261847991848,-1749.870759396406,1.6878666364862656,0.9225100815665911,1.920556152732352
13,1.066497313174946,-91.5179222237017,-296.89172210834147,-1796.3862446649393,1.7524929997122545,0.8851900573216117,1.8733350411939527
14,1.1164893747300215,-83.29166621931435,-284.83910787328364,-1818.1966498190027,1.7785814938855884,0.8642948521548603,1.8466747884314882
15,1.2164734978401728,-70.66707482814988,-260.65160507884167,-1855.4880303058733,1.7858786036652572,0.8129144000561631,1.7928458449666778
16,1.316457620950324,-53.9509831569915,-233.94092400053168,-1892.10702074953,1.8220579998194624,0.7655270448885593,1.762123722390557
17,1.3664496825053993,-45.41255060375315,-219.5562111965286,-1908.821795417791,1.839154581738503,0.7445226343065575,1.7465675742266231
18,1.4664338056155508,-30.82460755869397,-188.66734365100763,-1936.2558736135927,1.8572693559942364,0.7096846191772199,1.7143800300936245
19,1.5664179287257018,-13.948162869422646,-154.36616026072753,-1962.8935888140159,1.9053436638892711,0.682770475072736,1.7032855754945095
20,1.6164099902807776,-5.3218512126526605,-138.58714796000578,-1975.3918397912241,1.9236439182939724,0.6651344202779775,1.6905715698416663
21,1.7163941133909286,9.052041340738782,-112.0037822963271,-1995.6520994649272,1.9403763821967788,0.6219649298576442,1.6652522000769119
22,1.8163782365010799,21.138460276052143,-91.24262953646561,-2012.4093971383263,1.9688943224372697,0.5787838973255296,1.6584554483170777
23,1.8663702980561556,22.280120420892505,-88.63839971020442,-2012.845629713687,1.9677374145248465,0.5827997995846088,1.6575134522911266
24,1.916362359611231,23.421780565732867,-86.03416988394322,-2013.281862289048,1.9665805066124236,0.586815701843688,1.6565714562651754
25,1.9663544211663067,24.563440710573225,-83.42994005768203,-2013.7180948644086,1.9654235987000004,0.5908316041027672,1.6556294602392243
26,2.016346482721382,25.705100855413587,-80.82571023142083,-2014.1543274397693,1.9642666907875774,0.5948475063618465,1.654687464213273
27,2.066338544276458,26.84676100025395,-78.22148040515964,-2014.5905600151302,1.9631097828751543,0.5988634086209257,1.6537454681873218
28,2.1163306058315334,27.98842114509431,-75.61725057889845,-2015.026792590491,1.9619528749627313,0.6028793108800049,1.6528034721613707
29,2.1663226673866087,29.130081289934672,-73.01302075263725,-2015.4630251658516,1.9607959670503081,0.6068952131390841,1.6518614761354196
30,2.216314728941685,30.27174143477503,-70.40879092637606,-2015.8992577412125,1.9596390591378852,0.6109111153981633,1.6509194801094684
31,2.26630679049676,31.413401579615396,-67.80456110011485,-2016.3354903165732,1.958482151225462,0.6149270176572426,1.6499774840835173
32,2.316298852051836,32.555061724455754,-65.20033127385366,-2016.771722891934,1.957325243313039,0.6189429199163217,1.649035488057566
33,2.3662909136069112,33.69672186929611,-62.59610144759247,-2017.2079554672948,1.9561683354006159,0.622958822175401,1.6480934920316148
34,2.416282975161987,34.83838201413648,-59.99187162133127,-2017.6441880426555,1.9550114274881927,0.6269747244344801,1.6471514960056637
35,2.4662750367170627,35.980042158976836,-57.387641795070074,-2018.0804206180162,1.9538545195757697,0.6309906266935593,1.6462094999797126
36,2.516267098272138,37.1217023038172,-54.783411968808885,-2018.5166531933771,1.9526976116633465,0.6350065289526385,1.6452675039537614
37,2.5662591598272138,38.26336244865756,-52.17918214254769,-2018.9528857687378,1.9515407037509236,0.6390224312117178,1.6443255079278103
38,2.6162512213822895,39.40502259349792,-49.57495231628649,-2019.3891183440985,1.9503837958385004,0.643038333470797,1.6433835119018592
39,2.666243282937365,40.54668273833828,-46.970722490025295,-2019.8253509194594,1.9492268879260775,0.6470542357298762,1.6424415158759078
40,2.7162353444924405,41.68834288317865,-44.3664926637641,-2020.2615834948201,1.9480699800136543,0.6510701379889554,1.6414995198499567
41,2.7662274060475163,42.83000302801901,-41.76226283750291,-2020.6978160701808,1.9469130721012313,0.6550860402480346,1.6405575238240055
42,2.8162194676025916,43.971663172859365,-39.15803301124171,-2021.1340486455415,1.9457561641888081,0.6591019425071138,1.6396155277980544
43,2.8662115291576673,45.113323317699724,-36.55380318498052,-2021.5702812209024,1.944599256276385,0.6631178447661931,1.6386735317721033
44,2.916203590712743,46.25498346254009,-33.94957335871932,-2022.006513796263,1.943442348363962,0.6671337470252723,1.6377315357461522
45,2.9661956522678183,47.396643607380454,-31.345343532458124,-2022.4427463716238,1.9422854404515388,0.6711496492843515,1.636789539720201
46,3.016187713822894,48.53830375222081,-28.741113706196927,-2022.8789789469847,1.9411285325391159,0.6751655515434307,1.6358475436942497
47,3.06617977537797,49.67996389706117,-26.136883879935738,-2023.3152115223454,1.9399716246266927,0.6791814538025099,1.6349055476682985
48,3.116171836933045,50.82162404190153,-23.532654053674534,-2023.751444097706,1.9388147167142697,0.6831973560615892,1.6339635516423474
49,3.1661638984881213,51.963284186741895,-20.928424227413345,-2024.187676673067,1.9376578088018466,0.6872132583206684,1.6330215556163963
50,3.2161559600431966,53.10494433158226,-18.324194401152155,-2024.6239092484277,1.9365009008894236,0.6912291605797476,1.6320795595904452
51,3.266148021598272,54.24660447642262,-15.719964574890952,-2025.0601418237884,1.9353439929770004,0.6952450628388268,1.631137563564494
52,3.3161400831533476,55.38826462126298,-13.115734748629762,-2025.4963743991493,1.9341870850645773,0.699260965097906,1.630195567538543
53,3.3661321447084234,56.52992476610334,-10.511504922368559,-2025.93260697451,1.9330301771521543,0.7032768673569851,1.6292535715125915
54,3.4161242062634987,57.6715849109437,-7.9072750961073694,-2026.3688395498707,1.9318732692397311,0.7072927696160645,1.6283115754866404
55,3.4661162678185744,58.81324505578406,-5.30304526984618,-2026.8050721252316,1.9307163613273082,0.7113086718751436,1.6273695794606893
56,3.51610832937365,59.954905200624424,-2.6988154435849765,-2027.2413047005923,1.929559453414885,0.7153245741342229,1.6264275834347381
57,3.5661003909287254,61.09656534546478,-0.09458561732378712,-2027.677537275953,1.928402545502462,0.719340476393302,1.625485587408787
58,3.616092452483801,62.23822549030515,2.5096442089374165,-2028.113769851314,1.9272456375900389,0.7233563786523812,1.6245435913828359
59,3.666084514038877,63.379885635145506,5.113874035198606,-2028.5500024266746,1.926088729677616,0.7273722809114604,1.6236015953568845
60,3.716076575593952,64.52154577998587,7.718103861459795,-2028.9862350020353,1.9249318217651927,0.7313881831705397,1.6226595993309334
61,3.766068637149028,65.66320592482623,10.322333687720999,-2029.4224675773962,1.9237749138527698,0.7354040854296189,1.6217176033049823
62,3.8160606987041037,66.80486606966659,12.926563513982188,-2029.858700152757,1.9226180059403466,0.7394199876886981,1.6207756072790311
63,3.9160448218142547,67.24214394531366,19.49279425389487,-2023.8330112386968,1.9044746425208081,0.7839822398390622,1.6132666268732172
64,4.016028944924406,67.06942770470779,24.755055652314958,-2017.3733300390777,1.8777883378004474,0.8295083328573957,1.6080749395039668
65,4.066021006479481,64.97886462099683,25.805583405136097,-2012.2563642297039,1.8464245402632689,0.8468925242694633,1.599256595729066
66,4.1660051295896325,60.49386169069538,27.773283789572222,-2001.0545500477383,1.7799847792031152,0.8925692654001585,1.5891758790925365
67,4.265989252699784,61.09545054796308,31.318287648068836,-1994.2440017620884,1.7418835544155344,0.9438890632088166,1.5702843440388967
68,4.315981314254859,62.86913943393675,34.50303158358015,-1991.5283468922128,1.733625802961642,0.9704398713829487,1.559286577359194
69,4.415965437365011,66.83325415153728,39.28875417323373,-1989.5961435441445,1.729350236056323,1.0138185755040456,1.545330896749303
70,4.515949560475162,66.26480206453105,41.032674026094554,-1988.2845972347604,1.711216068559765,1.0372000975333633,1.5414113736087744
71,4.565941622030238,66.51790868237106,42.3616311392102,-1987.4200534134723,1.7062311552820095,1.050293009653879,1.5408607735637405
72,4.665925745140389,66.90314904174133,43.79290522687646,-1986.8693385122401,1.6948963332715798,1.0719940143621522,1.5302430414558141
73,4.76590986825054,65.69097482486173,44.29619203651399,-1988.1938659269804,1.6841999533800616,1.079868709904958,1.5233221454476384
74,4.815901929805616,64.47280535282462,45.40057859087836,-1987.4742344552217,1.67379720480946,1.0878803323211894,1.5222507157358163
75,4.915886052915766,65.74504955547997,46.24737482264399,-1988.509099671403,1.6688291665577988,1.1037025305339943,1.5131372315251266
76,5.015870176025918,68.02065189193502,48.05486138739919,-1988.6556478193572,1.6703151029035666,1.1196352747089449,1.5091363648956793
77,5.065862237580993,69.51346106535837,49.141947656630975,-1988.7693109996897,1.6737187946098118,1.125909152734909,1.506699459689293
78,5.165846360691145,68.58146370721484,49.21164991152911,-1988.487378095219,1.6694193879204688,1.126919485994844,1.509368139321725
79,5.265830483801296,69.08488632476733,49.39212633524318,-1988.5085564628248,1.671663872038567,1.129054432737606,1.510311845506112
80,5.3158225453563706,68.82149742756071,49.37121187888069,-1988.5175622740542,1.6707541809745656,1.1275833727848343,1.5108483091469407
81,5.415806668466523,68.11654683559277,49.20529724913423,-1988.4178053827425,1.6681525484266555,1.1244457413723377,1.50863143642467
82,5.5157907915766735,67.76897207350231,49.55530722802838,-1988.2537255802545,1.6679142420151138,1.1228483801478597,1.5096956365661816
83,5.56578285313175,67.32132772636118,49.52008686830563,-1988.2569781923194,1.6667441255630084,1.1216625733447785,1.5104407469689571
84,5.6657669762419,67.22065795912701,49.194052728597754,-1988.0483604818958,1.6666684656510151,1.1194921050901963,1.511667524740947
85,5.765751099352052,66.7218756238183,48.98835908109518,-1987.9318653865723,1.664975197997446,1.1168279722469545,1.5129986791772478
86,5.815743160907127,66.6480847990915,49.039621708415396,-1987.8918364678118,1.6650945350467756,1.116730260643964,1.5131373763634552
87,5.9157272840172785,66.65751474056069,49.137135184430015,-1987.8121501370524,1.6636698929269687,1.1181379846813853,1.5131429503683418
88,6.01571140712743,66.73762009596061,49.173114782064744,-1987.9246426833308,1.6640479237285937,1.1194754471318087,1.511853821682309
89,6.065703468682505,66.82094244258816,49.21301659779935,-1988.0183381935265,1.6636247627389347,1.1206999957779176,1.510604328866877
90,6.165687591792657,66.43757595755014,48.90966876684829,-1987.7735858837284,1.6624434234726533,1.1178065413274338,1.5114496681832825
91,6.265671714902807,66.41164003474263,48.79033565738266,-1988.0217056552094,1.6618821700433384,1.1203207626788485,1.5079625947884827
92,6.315663776457884,66.24285953746941,48.525656119979814,-1988.0550355621172,1.6612589383305092,1.1193542718364533,1.5074362009702424
93,6.415647899568034,66.28533011892357,48.68432315267394,-1988.0256130925518,1.661341944955331,1.119982748722331,1.5057348837490012
94,6.515632022678186,66.50591760475031,48.66990882060037,-1987.9562884282782,1.6621168266164994,1.1193266583532537,1.5078768233877986
95,6.565624084233261,66.67758605683419,48.72372384841687,-1988.0188786671627,1.6627208845065908,1.1201560754621707,1.5080257974320357
96,6.665608207343412,66.94524829145813,48.872559942949266,-1988.1654244872013,1.664245168942274,1.1215985497583303,1.5082004748071662
97,6.765592330453564,67.01960878452995,49.250267876163484,-1988.1063224112302,1.6643504683190862,1.1212377880994007,1.5106745178089473
98,6.815584392008639,67.3029025518368,49.44223512621745,-1988.0857649630818,1.6666427782533912,1.1203033454992493,1.5131834837034228
99,6.91556851511879,68.19300058298953,50.35569091526984,-1988.2939853030573,1.6704603915785647,1.1264613681352273,1.516817386751062
100,7.015552638228941,68.65395486416325,50.45235951006346,-1988.1861307757956,1.6705636874930765,1.131027722519733,1.5204514809788314
101,7.065544699784017,69.19072578595465,50.702386628049915,-1988.3277252998405,1.674273338210387,1.132991639025523,1.5255139801716628
102,7.165528822894169,69.56044940922355,51.14486577869141,-1988.4493733279512,1.6787920157439071,1.1335252726423632,1.5344562180204837
103,7.2655129460043195,69.6416172336803,51.54391208192397,-1988.3450543549566,1.6863688276519604,1.1299890967435915,1.5456158776448692
104,7.315505007559396,70.27977833399389,51.770781362924815,-1988.0433506041716,1.6912813931860768,1.1340332474053914,1.548489624767084
105,7.415489130669546,70.57839913721844,51.35133709120699,-1987.320023575436,1.6983649532012526,1.1348169028718222,1.5567307333224885
106,7.515473253779697,68.95829372846633,50.913552337437594,-1986.1470662722922,1.697761825380399,1.138487694673422,1.560960178158695
107,7.565465315334773,66.22302741934142,50.043036166262695,-1984.4229795576584,1.6921811872623567,1.1300931097149585,1.572160092712429
108,7.665449438444924,61.688426448779765,49.24364570296723,-1981.3459583272438,1.6861903815009551,1.1258469576490768,1.5924959030007915
109,7.765433561555075,57.25223446977586,49.29698536177284,-1979.07430596724,1.6887626634680022,1.1264998378068956,1.6120501093270414
110,7.815425623110151,55.20853122027491,49.16187055528999,-1977.969698010059,1.6902615042559332,1.1231179929387898,1.6197910809552278
111,7.915409746220302,51.59921836907519,48.724922851231966,-1974.70039179148,1.6925280920714847,1.1283771574444075,1.6271758785361137
112,8.015393869330454,48.071573293092655,47.099567036312706,-1969.101033056276,1.696432123391752,1.1349861632874019,1.6305519129612744
113,8.065385930885528,45.84512685191136,46.35516017744602,-1964.6432088768481,1.6945263651688893,1.141258932776262,1.6330784741760946
114,8.16537005399568,41.08644917369736,45.33156883108823,-1952.398195915162,1.691179500062146,1.1588006321912068,1.6321399475286802
115,8.265354177105833,35.02755473672036,45.070925963766115,-1933.509957125735,1.678369328307979,1.1882205523528948,1.6321575734701232
116,8.315346238660908,31.594418041039205,44.39281020702007,-1921.7162518109628,1.6637346553373338,1.2059172229015611,1.6255318746399927
117,8.415330361771058,23.549650360119955,42.2248483254693,-1894.6123976229046,1.6319048779079943,1.24206247726703,1.6236099669568305
118,8.515314484881209,17.24542445169314,39.39082628313586,-1866.0710055862057,1.600597839035233,1.2889844667818129,1.6132232508659021
119,8.565306546436286,14.26654077693297,36.388649871289836,-1851.9042909101072,1.586259494261217,1.3138599921481955,1.6020863780298058
120,8.665290669546435,5.745555081469917,27.812602429705024,-1823.9523447698891,1.5526971539848688,1.3642086120068426,1.596961072731253
121,8.765274792656587,-5.158610229424994,16.631866531196852,-1799.2621432618548,1.5172726017507068,1.4000306318550784,1.5983260203452117
122,8.815266854211663,-11.252842762641677,10.150117004311994,-1787.144728794489,1.4962366775296523,1.4118453310497006,1.5999144949388522
123,8.915250977321815,-21.764891069810062,-2.137439354156257,-1763.0803803116705,1.4601432772605816,1.4504282759355194,1.595652498908376
124,9.015235100431966,-30.50262395040164,-14.71091034372725,-1737.53595433125,1.428375853374856,1.5026220269696438,1.5828613592644039
125,9.06522716198704,-35.45402053940549,-21.29823098955442,-1723.9426235437895,1.4055211299099384,1.5259206809513264,1.5760375188777374
126,9.165211285097193,-46.52940204844444,-35.0309458749752,-1695.969040602774,1.3573080028078306,1.5650932706106833,1.5661782927187122
127,9.265195408207344,-57.06497499226853,-47.279993641949886,-1667.5618349734164,1.302458194120533,1.6068062599658501,1.5470410135024777
128,9.315187469762419,-61.37518112334166,-53.17989444867497,-1653.4916007015754,1.276927993401615,1.6311983549519353,1.5316398071127582
129,9.41517159287257,-68.68007414691292,-65.68737166947137,-1623.6103370062579,1.2245696242808517,1.6798066794935202,1.5046601804793933
130,9.515155715982722,-72.91569234924668,-80.73414990061468,-1593.645051484307,1.175936976302143,1.7241437299441678,1.4740784536611247
131,9.565147777537797,-72.64251100443738,-88.88427545396152,-1579.56893588381,1.156459482674058,1.7422165755708199,1.457030095425162
132,9.665131900647948,-66.23321241417739,-105.3774757050184,-1554.4298505876461,1.1380544863035038,1.771898981682381,1.4222391219553863
133,9.765116023758099,-55.53931990067022,-120.92201466051041,-1533.2167621311532,1.1317748320491314,1.8000978191628736,1.387268861675928
134,9.815108085313176,-49.55491821573068,-128.03984797178487,-1524.0948781897048,1.1310058267716057,1.8143842192694428,1.3696922265386269
135,9.915092208423324,-41.37784700969459,-141.47566403297952,-1507.0218797468167,1.1142727822861025,1.8283709873074963,1.3498474165020666
136,10.015076331533477,-34.916203995581725,-154.08374732536754,-1494.953130153606,1.0981915713517416,1.8285219031511226,1.3351905561984028
137,10.065068393088552,-30.118946624949388,-160.30237829426767,-1491.2860523792576,1.0954246500367542,1.8391648747412281,1.3295756344044651
138,10.165052516198704,-18.112766397272196,-172.3430721579432,-1488.6243611008708,1.0978402093499893,1.8692339118682053,1.3160700766251607
139,10.265036639308855,-7.662512391180002,-183.71659932120866,-1491.6452689705563,1.0841769190458748,1.8981979091937295,1.287633728651985
140,10.31502870086393,-4.090582866065603,-188.92650295798916,-1494.4976328832151,1.0698158216572848,1.9104411718269503,1.274386498062695
141,10.415012823974083,2.0353044554971405,-198.55648082594263,-1502.121753110613,1.0371580792579578,1.9299693540006857,1.2514633281058904
142,10.514996947084233,5.926973108196336,-206.24805749799387,-1510.264193315429,0.9985695302210351,1.931045206364793,1.2390365438252444
143,10.564989008639309,6.478619798281642,-209.87025639971984,-1514.1820939087474,0.9754975613468999,1.926829224250696,1.2344672436532127
144,10.66497313174946,3.4124389670420214,-218.48410752873073,-1521.047640502472,0.9160344428083458,1.9122502319566461,1.2238630407810607
145,10.764957254859612,-2.085739576456234,-225.80400607740057,-1526.460575676942,0.8590817535719679,1.898903188591941,1.217938274313373
146,10.814949316414687,-5.106819915322006,-229.19929582551504,-1528.666457517222,0.8315592578983442,1.896654650817121,1.2181014607571283
147,10.914933439524837,-10.793683591436235,-234.70249609939756,-1534.2213839621086,0.7812769486864583,1.8867130749621341,1.209820995239005
148,11.01491756263499,-14.566874144337277,-238.51425770665537,-1542.5716938407322,0.7436680840915003,1.8687920542336929,1.195382821761481
149,11.064909624190065,-17.175756904327244,-239.84148533469482,-1545.9288689338466,0.7224933160904473,1.8508333293728625,1.1929156454083472
150,11.164893747300216,-24.37140841225161,-242.2103659879898,-1551.9546649007098,0.666849225867545,1.8166873484614732,1.1802013530252622
151,11.264877870410366,-28.951786508265172,-244.15302673860052,-1557.3259002428415,0.627821471797968,1.7842037497893635,1.1803838072517647
152,11.314869931965443,-29.284644277530134,-244.59004485684562,-1560.046300190431,0.6160238931714533,1.7722293404643497,1.1785642381986123
153,11.414854055075594,-29.05430792937713,-245.34549111039468,-1565.318055389138,0.5977797105483814,1.7471058575170275,1.1739396669861575
154,11.514838178185745,-30.524859089354635,-246.50123704262143,-1570.159182274151,0.5760417405633277,1.7285068378682458,1.1778048766512248
155,11.56483023974082,-33.38800625244929,-247.13715385930325,-1572.610174824801,0.5563945786570971,1.7185323359371523,1.1806144489124986
156,11.664814362850972,-41.23173770518757,-246.8129810175758,-1578.1361378434149,0.5159984398766949,1.693161368402605,1.184706475090643
157,11.764798485961123,-50.77201826292131,-245.69040763120978,-1582.1846484620232,0.4749662921830038,1.6594549108787242,1.1989348556491748
158,11.814790547516198,-56.108248878151926,-245.32595361449756,-1584.7345748824982,0.4504423861480974,1.6424523300190743,1.2019177763617475
159,11.91477467062635,-64.21788724549924,-244.4356125160305,-1589.661817185467,0.40726901299740775,1.6167464995896075,1.2026936728887527
160,12.014758793736501,-66.24394248826465,-242.20542770616345,-1592.0184669799069,0.385458591333881,1.5943759374880304,1.201120767990528
161,12.064750855291576,-65.70815990029338,-241.3303412574304,-1592.365449819845,0.3801470079801535,1.5868165778538852,1.2002602023043791
162,12.164734978401727,-64.35948564504818,-239.68322467248342,-1593.1976060834,0.3719414466709035,1.5684361047736592,1.2007442075824841
163,12.26471910151188,-64.78737205719015,-239.4749721982849,-1595.1757648766954,0.35573334693739145,1.5431876842245613,1.2017565935984902
164,12.314711163066955,-65.09862480533911,-239.81370017240897,-1596.0585595724267,0.34781590930356693,1.5340060936604367,1.2012460903232716
165,12.414695286177105,-64.73625041944398,-239.82567809085822,-1597.060042535361,0.33643464288605657,1.5189088177104437,1.1973122168204635
166,12.514679409287258,-64.43883726585264,-239.39036342634702,-1598.0737936265673,0.3253073550035106,1.5044609245025267,1.1927757164903632
167,12.564671470842333,-64.44172891019011,-239.42845140040743,-1598.8616657837754,0.3185706005506153,1.4994447805831155,1.1898620085798075
168,12.664655593952485,-66.25132313876948,-239.36922673053266,-1601.2430656859474,0.302020030857523,1.4829421372706997,1.1846175102717489
169,12.764639717062634,-69.32441934744459,-239.53743091894168,-1603.7369957354538,0.2839696479901829,1.4662107593963796,1.1840187852396145
170,12.81463177861771,-71.16640701745948,-239.37408739821453,-1605.4602100412312,0.2730875165294816,1.4566898558477899,1.1809269748707376
171,12.914615901727862,-74.56206496059325,-238.9485582478435,-1608.8496432903596,0.2535613844331478,1.4378927368660555,1.1768236900795512
172,13.014600024838012,-77.55376938473044,-238.77660334371092,-1611.7159241057072,0.2388827524957069,1.4215086454069752,1.1762124470100945
173,13.064592086393088,-79.68815939202122,-238.80003701591144,-1613.9410017359432,0.22680791986676885,1.4129270854226537,1.1735544571711198
174,13.16457620950324,-84.12931431846873,-239.14093999133877,-1617.272247389299,0.2090776007824164,1.390887134207141,1.176122568875886
175,13.26456033261339,-86.45442912760257,-239.46799500138917,-1619.8613862200982,0.197886605628797,1.3792268215520795,1.1783364126923228
176,13.314552394168466,-86.28957585416263,-239.43797540935577,-1620.833401288068,0.19626866420805006,1.3775249007497872,1.1769941579798193
177,13.414536517278616,-84.59852078502675,-239.51154314075563,-1620.4675085351594,0.19762715030189906,1.373560523117984,1.1770393890380721
178,13.514520640388769,-83.85067103904046,-239.40342470074162,-1620.9896214599698,0.1946018205425898,1.3704551683613437,1.1691886364387787
179,13.564512701943844,-84.74867506363174,-239.4664274311395,-1621.4162340434252,0.18899790726419127,1.3661469303733975,1.1679504640870135
180,13.664496825053995,-87.60710781306076,-239.2286974382251,-1622.7713063134595,0.1773052285488176,1.3551160529001256,1.166331975810622
181,13.764480948164147,-90.57861258437946,-238.55939573002934,-1624.8392480977143,0.16630611021462338,1.3477071276621102,1.1645813063427999
182,13.814473009719222,-92.32210585484263,-238.67939333403126,-1625.4430446984302,0.1587833407569871,1.343994970915823,1.1648915869617409
183,13.914457132829375,-94.42504140669972,-238.88660684747182,-1626.5727794211346,0.1504149802722578,1.3390463571554332,1.1636470728945931
184,14.014441255939524,-96.09583514332076,-239.3875544616336,-1626.8394263085313,0.14380044219071733,1.3338748865100833,1.1656348951484008
185,14.0644333174946,-97.07079091270684,-239.87119847680543,-1627.6890864973884,0.138367196301405,1.3303381183881018,1.1654996195936578
186,14.164417440604751,-98.35790165593319,-240.5558832187666,-1629.2864274373915,0.1300564545822298,1.3273324045967803,1.1629124044772183
187,14.264401563714902,-99.61316674130279,-241.61705750953092,-1629.8239077431883,0.1241385684308416,1.3279422769831444,1.164903356433267
188,14.314393625269977,-100.43393162077398,-241.92049214936287,-1630.5415322991644,0.12038496593867419,1.3252479394969467,1.1646585227106674
189,14.41437774838013,-101.97294951741426,-242.4070240385052,-1631.7562424720202,0.11307922031712404,1.31759256877588,1.1674105341843555
190,14.514361871490282,-103.05591530490852,-242.62676136962023,-1633.235533707134,0.10607283054949276,1.312943105281303,1.1668116298110616
191,14.564353933045355,-104.07627873520347,-242.82229333648348,-1634.2349352084448,0.10104468337449378,1.3106764043538521,1.1655818190559541
192,14.664338056155508,-106.31867927837706,-243.05650919663697,-1636.5276716114422,0.09059339159185505,1.3044646585693813,1.1620206669315307
193,14.764322179265658,-108.42826284852615,-242.98118949091167,-1638.3373013415012,0.08257012750435005,1.2944536951309444,1.1617767391866494
194,14.814314240820735,-109.82868840971763,-242.94814450887475,-1639.6552017346514,0.07710154441820136,1.287930007559488,1.162988758584711
195,14.914298363930884,-112.93411377303846,-242.9276245044426,-1643.1669338554148,0.06294225730108759,1.272636505791911,1.1629034678565462
196,15.014282487041037,-115.227154222298,-242.99659712891508,-1644.9188776423268,0.05534983936154761,1.2608358762952723,1.1666082316259894
197,15.064274548596112,-115.88610556572145,-243.01680348787227,-1645.7960324353933,0.05430995882923846,1.2589970476341565,1.1676049747228572
198,15.164258671706264,-117.55915635558642,-243.30047453687547,-1647.7375316939347,0.04618577569422449,1.2551395339768314,1.1682508341201931
199,15.264242794816415,-118.95965949531735,-243.68897264030068,-1649.1070698164438,0.04019651192470344,1.2522126922153274,1.1695472017718123
200,15.31423485637149,-119.42803635097033,-244.02080715227532,-1649.7032175096826,0.037380479263041,1.254100135374152,1.1700420501131286
201,15.414218979481642,-120.34252934433118,-245.3071450779679,-1650.439623488494,0.03192119848678922,1.2598293356819024,1.1723634510916003
202,15.514203102591793,-120.63926961941847,-246.38995354271947,-1650.6910128529996,0.0262904748104986,1.2616319590122997,1.1729346470986146
203,15.564195164146868,-120.7328451742815,-247.20451640925822,-1650.614148520207,0.024488643822362998,1.262638566508202,1.1751657069398094
204,15.664179287257019,-120.3607495366126,-247.88471788632583,-1651.7789310641929,0.018660446476231253,1.2626726881630388,1.1749144099972029
205,15.76416341036717,-120.94768424837504,-248.79217514220238,-1653.4437678584313,0.012252934024805031,1.2566776176085448,1.1769086141595855
206,15.814155471922247,-121.38264585034938,-249.22882999390177,-1654.2069694495046,0.00952464806143387,1.2552612308105986,1.1779205255538072
207,15.914139595032397,-122.25979603883313,-249.48638131185288,-1655.516751924715,0.0015507007536948638,1.2543071540586361,1.1765755257725066
208,16.014123718142546,-123.06028884601209,-249.26716122138458,-1656.3527056963735,-0.005289345862940262,1.2516157605620433,1.1753817784716973
209,16.064115779697623,-123.7770743075091,-249.26417506813402,-1656.9227832930203,-0.008804081876713526,1.2494503334098581,1.175175229067311
210,16.164099902807777,-126.43162218235958,-249.2255022248754,-1659.6970743933136,-0.02087176074627057,1.243136799355492,1.1730934124218912
211,16.264084025917924,-130.43269572142697,-249.1906447662522,-1661.8628917839449,-0.03224147192425419,1.2287193415271749,1.1800394994211791
212,16.314076087473,-132.0848075038307,-248.94703899520505,-1663.2497650954456,-0.036681624312192074,1.2222857560953364,1.1820785122297053
213,16.414060210583155,-135.68851212751576,-249.06712014790324,-1666.2360635680166,-0.04962416289136802,1.210227768350296,1.1866592638183058
214,16.514044333693306,-137.84859862849845,-248.83287234773033,-1669.2259763416891,-0.060049451630668375,1.1993418210750881,1.1853326748859736
215,16.56403639524838,-138.4825328295879,-249.07689981830868,-1669.6885562725988,-0.06166355843828971,1.1957765175040809,1.1884328641312674
216,16.66402051835853,-138.77748467737786,-249.03703157116306,-1670.9703287357818,-0.06465646127227487,1.19353937447023,1.1873095924545556
217,16.764004641468684,-139.50694779938615,-248.71936535968436,-1672.6981669461084,-0.07012522927223139,1.1874547054753994,1.1850130863647907
218,16.813996703023758,-140.11509291143813,-248.74467191375803,-1673.3041004862962,-0.07258625172897074,1.1835992706204084,1.1865400854076242
219,16.91398082613391,-142.14441968158545,-248.82214526474164,-1676.1915599263411,-0.08120056406806468,1.173653879919046,1.1870860555298748
220,17.013964949244063,-143.80527465258837,-248.90104273080703,-1677.6243496663637,-0.08726612164847003,1.1707417323867533,1.1888299958558322
221,17.063957010799136,-144.44089007827392,-248.6458788345632,-1678.379255072558,-0.0912504157266114,1.1688953590251159,1.1878232720691217
222,17.163941133909287,-146.0971857424763,-248.98676719158982,-1679.9882253644148,-0.0994543398053074,1.1640341598424757,1.1873597848924928
223,17.263925257019437,-147.59882197342375,-249.310814359871,-1682.1024026835385,-0.1069117674970596,1.1595908001693478,1.1859117172005988
224,17.313917318574514,-148.73661475710026,-249.7338596650676,-1682.7465442962446,-0.11072140366895644,1.1525730621727774,1.1888571371359182
225,17.413901441684665,-149.59051980931545,-249.662837017211,-1684.2880943442801,-0.11624446293927107,1.1496776422755786,1.1874886371555842
226,17.513885564794816,-150.43682984430833,-250.10248354387224,-1685.0512203589262,-0.12058897377694966,1.143582393144527,1.1891132890445995
227,17.56387762634989,-150.52579203693358,-250.06556079162257,-1685.732778779925,-0.1235261197968196,1.1414001780316259,1.1862437493203624
228,17.663861749460043,-150.41551176179428,-249.9906663682869,-1686.690288137868,-0.1283309368107886,1.1375673501704253,1.1831156083665981
229,17.763845872570194,-149.97694223747794,-249.9330872213475,-1687.148429501085,-0.1285519865762901,1.1309770660937322,1.1834716624798947
230,17.81383793412527,-150.00210162872622,-250.25744051859974,-1687.473482912093,-0.1300039005605733,1.1285091685783404,1.1839607217675994
231,17.913822057235418,-150.4543133665389,-250.58104441410083,-1689.1587467651,-0.13498758678195558,1.122314272931898,1.1827161398618662
232,18.013806180345572,-151.1307534388945,-250.56435508057865,-1690.723976705482,-0.14024253941387033,1.1140121125359486,1.1819741659568834
233,18.06379824190065,-151.57762613458226,-250.65459788405937,-1691.5169539109152,-0.1430445896315417,1.1100739033855958,1.1815928539124854
234,18.163782365010796,-152.09180694636507,-250.6213714544705,-1693.4505502762308,-0.1482333733866264,1.102100356211264,1.1794858200324623
235,18.26376648812095,-152.2257502091688,-250.2661501178127,-1694.4007597310049,-0.14991829475617394,1.0978075639113176,1.17852663768921
236,18.313758549676027,-152.3696543974221,-250.20415637910176,-1694.8832225496153,-0.14997106749986863,1.0933985389853578,1.1791867037957557
237,18.413742672786178,-153.09276654074534,-249.7365951903412,-1696.9499449269106,-0.15560548639566868,1.0873591499731625,1.1767679060422112
238,18.513726795896325,-154.206622921473,-249.66748146623522,-1698.9603462734044,-0.16114675090876154,1.0800318437628396,1.1767807232226808
239,18.563718857451406,-154.71735720709853,-249.79442387562838,-1699.906065064338,-0.16378639814582716,1.0748759388940547,1.1775739993772607
240,18.663702980561556,-155.21952776980527,-250.71871958990724,-1700.8953844362302,-0.1685457574644855,1.0746260934964065,1.181033197271952
241,18.763687103671703,-155.38033820165506,-250.9902368421164,-1702.6252288375447,-0.17212971067750057,1.0716870159867438,1.1799400998781437
242,18.81367916522678,-155.7462365346463,-251.5855586658689,-1702.8099999512674,-0.17483598719682297,1.0713283730324756,1.1829771126544786
243,18.913663288336934,-156.30770080175031,-252.50014901787472,-1704.6415209420604,-0.18470424270492927,1.0750679399544183,1.1816040754875523
244,19.013647411447085,-157.05749308921023,-253.85073180473512,-1706.6757733652719,-0.19446856151336844,1.0770084204626864,1.1819514338433237
245,19.06363947300216,-157.0445199665983,-254.16360433830317,-1707.6817814647238,-0.19827143848567041,1.0779225826852266,1.1807939594387056
246,19.163623596112313,-157.3310502677735,-254.3159054022177,-1708.8105779388675,-0.20234138460799317,1.07058381539582,1.181819325155151
247,19.263607719222463,-157.54607910724982,-253.74596330327327,-1710.337888628742,-0.20481984111084292,1.0634139779057816,1.181075924691327
248,19.313599780777537,-158.0473919174272,-253.77918527834643,-1710.615603004343,-0.20556902535813384,1.0598349670960703,1.1835315402608213
249,19.413583903887687,-158.80760323317668,-253.67084208506625,-1711.6273680461686,-0.20772121140490463,1.0549624794450754,1.1848337477338027
250,19.51356802699784,-159.05295547397535,-253.79110750501883,-1711.4836697195383,-0.20768340859107073,1.0523994155002916,1.1886538998423968
251,19.563560088552915,-158.76069351829125,-253.60669737871268,-1711.6225859995495,-0.2073013928876817,1.0516464563822008,1.187669461502708
252,19.663544211663066,-158.71525536084556,-253.4811025582227,-1712.1712482090197,-0.20907469203908513,1.0484177400781045,1.1866152001958028
253,19.76352833477322,-158.6673275287537,-253.79375214850091,-1711.6987071981714,-0.2071202624322566,1.0479763366802273,1.1898577494924687
254,19.813520396328293,-158.49853542888428,-254.06718872871008,-1711.4684094834442,-0.20673257708198164,1.046397934396029,1.1916170090651672
255,19.913504519438444,-157.46366117945107,-254.51033662978935,-1711.173618372971,-0.2056830020237016,1.0501699996096494,1.1922446591495313
256,20.013488642548594,-156.30640329255644,-253.9411417962659,-1711.441161837236,-0.20505436050696624,1.0485816587884744,1.1887350515543496
257,20.06348070410367,-156.20001026201248,-253.97424469893,-1711.454647396329,-0.2054229281078512,1.047938123078558,1.1894720001161758
258,20.163464827213822,-157.0168828327778,-254.70145437302668,-1712.7879755322547,-0.21010399387751225,1.0437019193911368,1.1906283036582759
259,20.263448950323973,-157.6088814278424,-254.84520462361218,-1713.45115907982,-0.21298652766387122,1.041503311372865,1.1919926974699018
260,20.313441011879046,-157.65122489376307,-254.86453603882677,-1713.3309836299711,-0.21289740534750626,1.039811495440564,1.192508907033077
261,20.4134251349892,-156.80042851708754,-254.19427422723248,-1713.3513447284167,-0.21214308496067252,1.0390584087047932,1.1890400387933138
262,20.51340925809935,-156.32953691115537,-253.90403416059735,-1712.2602920737509,-0.20668090954239757,1.041458785015148,1.1914715624532821
263,20.563401319654428,-156.41794199711882,-253.6078585228741,-1711.8256733681283,-0.20452528928486674,1.0430667787667507,1.191518694712556
264,20.66338544276458,-157.94701793483944,-253.95431959361534,-1708.4171944743484,-0.19310114362413094,1.048966815004833,1.200969696227426
265,20.76336956587473,-159.1085653752688,-253.06017791002853,-1700.0835921592109,-0.1630066079185369,1.067001394218279,1.2157745936248765
266,20.813361627429806,-159.33092365071633,-252.2172569680726,-1694.3460628656787,-0.1408583461656276,1.0795812824656446,1.2244650595656532
267,20.913345750539957,-161.15160845320878,-251.60327178756336,-1683.5802590453948,-0.09980537612421232,1.1023715677320336,1.2473364573775378
268,21.013329873650108,-161.54515198871024,-250.15625235676907,-1670.2835039669615,-0.0462759958930122,1.132480231802646,1.271186492473388
269,21.063321935205185,-160.1504681222288,-249.13903235892866,-1661.584707471359,-0.011815369925274828,1.1555455537187025,1.2830811495882366
270,21.163306058315335,-154.66078359085407,-246.7190687432239,-1643.0734056636186,0.06329100215635809,1.2175076453675748,1.302157118600537
271,21.263290181425482,-146.03287373360945,-244.1385505244417,-1624.6478487358804,0.14568461512496858,1.2756078393786825,1.323999926572159
272,21.313282242980563,-140.9801816066521,-243.01372841598425,-1616.304126229114,0.18949813051598155,1.2974470915704135,1.3391941368671445
273,21.413266366090713,-129.4588991920201,-239.58817635311243,-1602.4905325489776,0.26432685892203917,1.3433163202634792,1.355145233336572
274,21.513250489200864,-113.37745291629602,-235.620335511541,-1588.6111995623057,0.35006268203467383,1.400560090186639,1.364872804693882
275,21.563242550755938,-103.1310144407871,-232.92642535717346,-1581.60334533185,0.39657812652694646,1.4350258993557257,1.3658109306017017
276,21.66322667386609,-77.4694721717507,-227.78199307327188,-1567.0814801253812,0.5083778293098399,1.5175389953571894,1.3705977196474752
277,21.763210796976242,-50.43487659213022,-224.13805203111315,-1554.807800946201,0.6208345234002827,1.6090094015090854,1.3627992163786244
278,21.813202858531316,-37.53061816871326,-223.31456054274545,-1549.1137738617097,0.6758519947438689,1.6585348580348303,1.3504331274785848
279,21.91318698164147,-14.16650382300952,-223.53533409635997,-1537.5999915655386,0.7750596641345565,1.75618764725088,1.3113523622030225
280,22.01317110475162,6.167564098518284,-226.73438432162828,-1523.706401521636,0.877553484743793,1.8479288405388579,1.2792558251388295
281,22.063163166306694,16.092254546658125,-228.90352106775202,-1516.6967461080587,0.9323454811305651,1.8964199888616413,1.263450192810884
282,22.163147289416845,31.69028328230081,-232.90432496231278,-1500.8670654529628,1.0283608079056816,1.971164111380575,1.2422038295900082
283,22.263131412527,34.494315026643136,-235.74749310061867,-1480.5198171585307,1.0620433492607577,1.978042538825073,1.2393445983161762
284,22.313123474082072,33.689010000355836,-236.4557930704642,-1469.8437217829523,1.0641363067067136,1.9681372322277255,1.2405773758806866
285,22.413107597192223,39.57993729980818,-234.70718099873162,-1450.1273066472422,1.1050052362009377,1.9552543328610756,1.2519294821069302
286,22.513091720302377,53.87446142935963,-229.81099061621563,-1438.7105371363025,1.1683871090606246,1.966554528063477,1.2518321181076624
287,22.56308378185745,59.09541460889142,-226.92001094446874,-1434.6399490913136,1.1882260938737779,1.955993822483725,1.2527313593587062
288,22.6630679049676,65.79462336163355,-222.84916871937762,-1428.2318162543104,1.2145817628270792,1.9004952027500035,1.2634811526839418
289,22.76305202807775,72.15182822918077,-222.0776921198822,-1426.32331889753,1.2413867653468011,1.8584390581877517,1.2671274291064218
290,22.81304408963283,75.91026646597018,-222.0205087110853,-1426.4967417228127,1.255370120703826,1.8431154862834196,1.2665571312491892
291,22.91302821274298,82.6673680780773,-221.6960585796915,-1428.1347086359324,1.277023628251836,1.8167861053130574,1.2551517484972452
292,23.01301233585313,82.98814505302222,-218.79436118218717,-1427.40565482027,1.286877844500151,1.7913463125420026,1.2777716470446494
293,23.063004397408207,83.52948582999703,-217.4470918258349,-1426.8346003794275,1.293425693653893,1.775231151923456,1.2885868822070232
294,23.162988520518358,89.18033981343244,-215.78918103479643,-1425.8557443606596,1.3169135315003417,1.7647106865474096,1.3065677443608505
295,23.26297264362851,95.41838933326662,-216.73613710334558,-1420.761920576017,1.3399003243281746,1.751355040788642,1.3339612664315617
296,23.312964705183585,99.3742583661396,-216.95585523560808,-1417.2891834092804,1.3537285015091929,1.752190764503049,1.3520574870849436
297,23.412948828293736,105.10495414893732,-217.23777513905438,-1412.7010394945157,1.3774993464894163,1.757632819582107,1.369993117111553
298,23.512932951403887,104.75238026004942,-214.86778957190205,-1410.982942548264,1.387712224941434,1.7204583073452688,1.3906296197748198
299,23.562925012958964,101.92876474279294,-214.65193199376296,-1410.3985977634686,1.3800512579597182,1.69402300353794,1.402633144895616
300,23.662909136069114,107.50787800837593,-213.12770077015168,-1412.3007477420704,1.4055484535047482,1.7126549095366272,1.4006046781267434
301,23.762893259179265,109.5147474562861,-213.65556568886524,-1411.962140024005,1.417515983774727,1.7111213872070172,1.4004316456867498
302,23.812885320734342,110.9731010339745,-213.72031470551894,-1412.4948818230935,1.4254928990460058,1.7126144169731388,1.3985812588405404
303,23.912869443844492,111.99824251064285,-215.32840119050306,-1411.9748599729849,1.4282156827142662,1.697496076094443,1.3848630298352893
304,24.012853566954647,116.69896688310574,-217.09676770460018,-1412.9786458151455,1.4413495740999123,1.6915824798102217,1.3681543987970326
305,24.06284562850972,119.79941210484039,-218.62956539521275,-1413.4674879329752,1.4464543046130602,1.6916404096198399,1.3552089230344186
306,24.16282975161987,121.16836765153256,-220.3029435806734,-1413.2072692693746,1.4525370596876495,1.699471721923394,1.3619637187320477
307,24.26281387473002,119.90685328995573,-221.77738638546342,-1413.8868818769552,1.4528102999830066,1.6802230400427796,1.365991310375539
308,24.312805936285095,119.33601366520486,-221.89558597856524,-1414.6616512831522,1.4569332109755768,1.6753989417445259,1.3702503637493
309,24.41279005939525,117.87270602782161,-222.21120988757315,-1415.6067582517157,1.4639937547068225,1.6593858909682548,1.3801547622951302
310,24.5127741825054,116.52509520184277,-222.9460089673626,-1417.527791307195,1.4700894581374406,1.6258881391154214,1.390179119187919
311,24.562766244060473,115.59941112528543,-223.47644632265232,-1417.848816948415,1.4692041640073739,1.6109380772087099,1.3926998501318015
312,24.662750367170627,115.46411365184021,-223.94266151681035,-1418.4828854525497,1.4783358525662016,1.5919470363655819,1.3987705564348545
313,24.762734490280778,115.6864985163763,-224.50309696616438,-1418.405922871636,1.4858690180238696,1.5773524587863843,1.4025848833541232
314,24.81272655183585,115.6218604430336,-225.0472543722427,-1418.1352524080237,1.4890485580849122,1.564497589378908,1.4069885246471967
315,24.912710674946002,114.66851015660305,-225.9570283748942,-1417.2951470260018,1.4905405562112435,1.543333401819712,1.4122350451912764
316,25.012694798056156,114.24214781721417,-226.4766157246737,-1416.6734812841612,1.4912368554710258,1.529999700365792,1.4148178377300171
317,25.06268685961123,114.29033457425834,-226.44395776500113,-1416.3604803487417,1.4931255278899784,1.5257919917454128,1.4175381616419753
318,25.16267098272138,114.61154480359698,-226.52919119663557,-1416.185504212795,1.4983693106468332,1.518177277223424,1.421757661793373
319,25.262655105831534,114.57395096026042,-226.62574921732272,-1416.1578266419097,1.5012530963106248,1.5121374803366308,1.4232523969192543
320,25.312647167386608,114.55399377986947,-226.65061836870478,-1416.2168170361247,1.5024013085750172,1.5097625423056582,1.4238209565463502
321,25.41263129049676,114.77973491583896,-226.70112863014057,-1416.1269605441355,1.505404567718868,1.5041526149740136,1.4264343417885095
322,25.51261541360691,114.83117781087537,-226.9465902974315,-1415.8760893861424,1.5078315070272388,1.4975282838593524,1.4287594085240911
323,25.56260747516199,114.73236787508495,-227.0888717390456,-1415.7135187873853,1.5079576677003381,1.4938604090927143,1.4291294685011502
324,25.662591598272137,114.4816819302211,-227.27003369032184,-1415.4820146181728,1.508651903134342,1.488430466910766,1.429656235493717
325,25.762575721382287,114.3024455154447,-227.31345115349225,-1415.3267328491638,1.50698702690525,1.487058857922633,1.4289318560527011
326,25.812567782937364,114.41569602059278,-227.29934027378627,-1415.3911895555734,1.5089096573558416,1.4866342885507295,1.4300177208835283
327,25.912551906047515,114.44121059692381,-227.36096290397376,-1415.3269462538751,1.5089727344093968,1.4857971682057165,1.4301819344886284
328,26.012536029157665,114.33075938216464,-227.6732362732584,-1415.3267869653405,1.5083101597260138,1.483532223475457,1.4297964598776138
329,26.062528090712743,114.310858209346,-228.0260266310292,-1415.214465085176,1.5082681213579727,1.4819454478532592,1.4298466348242576
330,26.162512213822897,114.10069555942998,-228.68379426926083,-1415.199327913522,1.5076343446522147,1.478363573625723,1.428996827463426
331,26.262496336933044,113.79447411198046,-229.37464092907848,-1415.0035836707705,1.5077405385759455,1.474001144636485,1.4299745980341059
332,26.31248839848812,113.54578578095368,-229.7013820071867,-1414.9116769839895,1.506933670548582,1.4710049345707947,1.4306362361230158
333,26.41247252159827,113.18367917526407,-230.65485563087816,-1414.673622320027,1.5087934213838587,1.4650214817727412,1.4321422764848009
334,26.512456644708422,113.60193567031075,-231.73317622747766,-1414.774977237632,1.519162242397839,1.464309059765318,1.433416280053837
335,26.5624487062635,112.64848802046704,-232.86956349270653,-1414.7174594991873,1.5235300299180727,1.4589356426730145,1.436010870510692
336,26.66243282937365,109.41006484840318,-235.85596711629375,-1415.4591922840677,1.5389612507151893,1.4360653912110504,1.4499444405330362
337,26.762416952483804,104.01136233339932,-238.85360490697633,-1416.1221867591482,1.5555856244595565,1.4083408941796816,1.465545349741495
338,26.812409014038877,102.68434918383912,-240.59886915325393,-1416.5547877931526,1.5694514519427907,1.3903847671453846,1.4739524677503166
339,26.912393137149028,97.67753804983097,-248.4013608938435,-1413.849869730904,1.5677359157093123,1.3476036042404518,1.4793626230591852
340,27.01237726025918,90.92194161749971,-254.93726265221025,-1407.6458804807223,1.5622962770584434,1.3339126618661414,1.502207399171646
341,27.062369321814256,85.80816647607239,-257.3366942778406,-1401.837743940692,1.5533828839261925,1.3442769885696297,1.5122032880917626
342,27.162353444924406,72.28810863694257,-266.09467886655193,-1388.475595618853,1.528881937437945,1.3411125317321044,1.542598183766387
343,27.262337568034557,51.553891580483565,-280.32768942199004,-1371.1593632761121,1.484820467988449,1.3576166143655062,1.6095139993824668
344,27.31232962958963,35.93388928878004,-289.5815520463812,-1360.488808624914,1.4526123239370479,1.3800345622005379,1.677390884888708
345,27.412313752699784,13.054794499134601,-307.76127156629207,-1345.884791018455,1.4528025160315803,1.470105284031873,1.8555330725929104
346,27.512297875809935,-9.824300290510834,-325.9409910862029,-1331.2807734119958,1.4529927081261127,1.560176005863208,2.033675260297113
347,27.56228993736501,-32.70339508015627,-344.1207106061138,-1316.6767558055367,1.4531829002206451,1.650246727694543,2.211817448001315
348,27.612281998920086,-55.582489869801705,-362.30043012602465,-1302.0727381990775,1.4533730923151775,1.740317449525878,2.3899596357055177
349,27.66227406047516,-78.46158465944714,-380.4801496459355,-1287.4687205926184,1.45356328440971,1.830388171357213,2.5681018234097204
350,27.71226612203024,-101.34067944909258,-398.6598691658464,-1272.8647029861593,1.4537534765042424,1.920458893188548,2.7462440111139226
351,27.762258183585313,-124.21977423873803,-416.83958868575723,-1258.2606853797001,1.4539436685987748,2.010529615019883,2.924386198818125
352,27.812250245140387,-147.09886902838343,-435.0193082056681,-1243.656667773241,1.4541338606933072,2.100600336851218,3.1025283865223274
353,27.862242306695464,-169.97796381802885,-453.19902772557896,-1229.0526501667819,1.4543240527878396,2.190671058682553,3.28067057422653
354,27.912234368250537,-192.85705860767433,-471.3787472454898,-1214.4486325603227,1.454514244882372,2.280741780513888,3.4588127619307323
355,27.962226429805614,-215.73615339731975,-489.5584667654007,-1199.8446149538636,1.4547044369769044,2.370812502345223,3.6369549496349345
356,28.01221849136069,-238.61524818696518,-507.73818628531154,-1185.2405973474044,1.4548946290714369,2.460883224176558,3.815097137339137
357,28.062210552915765,-261.4943429766106,-525.9179058052224,-1170.6365797409453,1.4550848211659693,2.550953946007893,3.99323932504334
358,28.112202614470842,-284.3734377662561,-544.0976253251333,-1156.0325621344862,1.4552750132605017,2.641024667839228,4.171381512747542
359,28.162194676025916,-307.2525325559015,-562.2773448450441,-1141.428544528027,1.455465205355034,2.731095389670563,4.349523700451744
360,28.212186737580993,-330.1316273455469,-580.4570643649549,-1126.824526921568,1.4556553974495665,2.821166111501898,4.527665888155947
361,28.262178799136066,-353.01072213519234,-598.6367838848658,-1112.2205093151088,1.455845589544099,2.9112368333332332,4.7058080758601495
362,28.312170860691147,-375.88981692483776,-616.8165034047768,-1097.6164917086496,1.4560357816386313,3.0013075551645683,4.883950263564351
363,28.36216292224622,-398.76891171448324,-634.9962229246876,-1083.0124741021905,1.4562259737331638,3.0913782769959033,5.062092451268554
364,28.412154983801294,-421.64800650412866,-653.1759424445984,-1068.4084564957313,1.4564161658276962,3.1814489988272383,5.2402346389727565
365,28.46214704535637,-444.5271012937741,-671.3556619645093,-1053.8044388892722,1.4566063579222286,3.2715197206585733,5.418376826676959
366,28.512139106911444,-467.40619608341956,-689.5353814844202,-1039.200421282813,1.456796550016761,3.3615904424899083,5.596519014381162
367,28.56213116846652,-490.2852908730649,-707.715101004331,-1024.596403676354,1.4569867421112934,3.4516611643212434,5.774661202085364
368,28.6121232300216,-513.1643856627104,-725.8948205242418,-1009.9923860698948,1.4571769342058258,3.5417318861525784,5.952803389789566
369,28.662115291576676,-536.0434804523559,-744.0745400441527,-995.3883684634357,1.4573671263003583,3.6318026079839134,6.130945577493769
370,28.71210735313175,-558.9225752420012,-762.2542595640637,-980.7843508569765,1.4575573183948907,3.7218733298152484,6.3090877651979715
371,28.762099414686823,-581.8016700316467,-780.4339790839745,-966.1803332505174,1.457747510489423,3.8119440516465835,6.487229952902173
372,28.8120914762419,-604.6807648212922,-798.6136986038853,-951.5763156440582,1.4579377025839555,3.9020147734779185,6.665372140606376
373,28.862083537796973,-627.5598596109376,-816.7934181237961,-936.9722980375991,1.458127894678488,3.9920854953092535,6.843514328310579
374,28.912075599352054,-650.438954400583,-834.9731376437071,-922.36828043114,1.4583180867730203,4.0821562171405885,7.02165651601478
375,28.962067660907127,-673.3180491902284,-853.1528571636179,-907.7642628246808,1.4585082788675527,4.1722269389719235,7.199798703718983
376,29.0120597224622,-696.1971439798739,-871.3325766835287,-893.1602452182217,1.4586984709620852,4.262297660803259,7.377940891423186
377,29.062051784017278,-719.0762387695194,-889.5122962034395,-878.5562276117626,1.4588886630566176,4.352368382634594,7.556083079127388
378,29.11204384557235,-741.9553335591647,-907.6920157233506,-863.9522100053034,1.45907885515115,4.442439104465929,7.734225266831591
379,29.16203590712743,-764.8344283488102,-925.8717352432614,-849.3481923988443,1.4592690472456824,4.532509826297264,7.912367454535793
380,29.212027968682506,-787.7135231384556,-944.0514547631722,-834.7441747923851,1.4594592393402148,4.622580548128599,8.090509642239995
381,29.262020030237583,-810.592617928101,-962.231174283083,-820.140157185926,1.4596494314347472,4.712651269959934,8.268651829944197
382,29.312012091792656,-833.4717127177465,-980.410893802994,-805.5361395794669,1.4598396235292797,4.802721991791269,8.4467940176484
383,29.36200415334773,-856.3508075073919,-998.5906133229048,-790.9321219730077,1.460029815623812,4.892792713622604,8.624936205352602
384,29.411996214902807,-879.2299022970374,-1016.7703328428156,-776.3281043665486,1.4602200077183445,4.982863435453939,8.803078393056804
385,29.46198827645788,-902.1089970866828,-1034.9500523627264,-761.7240867600894,1.460410199812877,5.072934157285274,8.981220580761008
386,29.51198033801296,-924.9880918763282,-1053.1297718826374,-747.1200691536303,1.4606003919074093,5.163004879116609,9.159362768465211
387,29.561972399568035,-947.8671866659737,-1071.3094914025482,-732.5160515471712,1.4607905840019417,5.253075600947944,9.337504956169411
388,29.61196446112311,-970.7462814556192,-1089.489210922459,-717.912033940712,1.4609807760964741,5.343146322779279,9.515647143873615
389,29.661956522678185,-993.6253762452646,-1107.6689304423699,-703.3080163342529,1.4611709681910066,5.433217044610614,9.693789331577818
390,29.71194858423326,-1016.5044710349099,-1125.848649962281,-688.7039987277938,1.461361160285539,5.523287766441949,9.871931519282018
391,29.761940645788336,-1039.3835658245555,-1144.0283694821917,-674.0999811213346,1.4615513523800714,5.613358488273284,10.050073706986222
392,29.811932707343413,-1062.262660614201,-1162.2080890021025,-659.4959635148755,1.4617415444746038,5.703429210104619,10.228215894690425
393,29.86192476889849,-1085.1417554038464,-1180.3878085220133,-644.8919459084163,1.4619317365691362,5.793499931935954,10.406358082394625
394,29.911916830453563,-1108.020850193492,-1198.5675280419243,-630.2879283019572,1.4621219286636686,5.883570653767289,10.584500270098829
395,29.961908892008637,-1130.8999449831372,-1216.7472475618351,-615.6839106954981,1.462312120758201,5.973641375598624,10.762642457803032
396,30.011900953563714,-1153.7790397727827,-1234.926967081746,-601.0798930890389,1.4625023128527335,6.063712097429959,10.940784645507236
397,30.061893015118788,-1176.6581345624281,-1253.1066866016567,-586.4758754825798,1.4626925049472659,6.153782819261294,11.118926833211436
398,30.111885076673868,-1199.5372293520736,-1271.2864061215678,-571.8718578761207,1.4628826970417983,6.243853541092629,11.29706902091564
399,30.16187713822894,-1222.416324141719,-1289.4661256414786,-557.2678402696615,1.4630728891363307,6.333924262923964,11.475211208619843
400,30.21186919978402,-1245.2954189313646,-1307.6458451613894,-542.6638226632024,1.4632630812308631,6.423994984755299,11.653353396324043
401,30.261861261339092,-1268.1745137210098,-1325.8255646813002,-528.0598050567432,1.4634532733253955,6.514065706586634,11.831495584028247
402,30.311853322894166,-1291.0536085106553,-1344.005284201211,-513.4557874502841,1.463643465419928,6.604136428417969,12.00963777173245
403,30.361845384449243,-1313.9327033003008,-1362.185003721122,-498.85176984382497,1.4638336575144604,6.694207150249304,12.18777995943665
404,30.41183744600432,-1336.8117980899463,-1380.3647232410328,-484.24775223736583,1.4640238496089928,6.784277872080639,12.365922147140854
405,30.461829507559397,-1359.6908928795917,-1398.5444427609436,-469.6437346309067,1.4642140417035252,6.874348593911974,12.544064334845057
406,30.51182156911447,-1382.569987669237,-1416.7241622808547,-455.03971702444755,1.4644042337980576,6.964419315743309,12.722206522549257
407,30.561813630669544,-1405.4490824588825,-1434.9038818007655,-440.4356994179884,1.46459442589259,7.054490037574644,12.90034871025346
408,30.61180569222462,-1428.328177248528,-1453.0836013206763,-425.8316818115293,1.4647846179871225,7.144560759405979,13.078490897957664
409,30.661797753779695,-1451.2072720381734,-1471.263320840587,-411.22766420507014,1.4649748100816549,7.234631481237314,13.256633085661864
410,30.711789815334775,-1474.086366827819,-1489.443040360498,-396.623646598611,1.4651650021761873,7.324702203068649,13.434775273366068
411,30.76178187688985,-1496.9654616174641,-1507.622759880409,-382.01962899215187,1.4653551942707197,7.414772924899984,13.612917461070271
412,30.811773938444926,-1519.8445564071096,-1525.8024794003197,-367.4156113856927,1.4655453863652521,7.504843646731319,13.791059648774475
413,30.861766,-1542.723651196755,-1543.9821989202305,-352.8115937792336,1.4657355784597845,7.594914368562654,13.969201836478675
