,Time,x,y,z,Rx,Ry,Rz
0,0.01668628960943257,-96.72191746512661,-294.53121894921605,-1835.1756861928882,-0.9832825969749347,1.984693077895811,0.5460201950872512
1,0.06674515843773028,-95.94351397768827,-295.1629048242931,-1834.0546685092938,-0.9825648714690636,1.9831819957044758,0.5433317653850687
2,0.11680402726602798,-95.16511049024993,-295.79459069937013,-1832.9336508256995,-0.9818471459631924,1.9816709135131407,0.5406433356828861
3,0.21692176492262344,-94.37945641900475,-295.45948069367256,-1833.463089273844,-0.9768110959452752,1.9865369657641851,0.5418722522497451
4,0.3170395025792188,-92.93337404213801,-291.58284114777575,-1841.547338619095,-0.9726795931169001,1.9996766302510152,0.531918843719577
5,0.36709837140751655,-92.64065059424735,-288.10598111336026,-1849.7996160445798,-0.9620052129077747,2.0224355693466918,0.5288315648610046
6,0.46721610906411193,-92.60055845385122,-277.8454501421687,-1873.0461670261254,-0.9139491123668667,2.1056669470838876,0.5357950499934095
7,0.5673338467207074,-90.96371062574681,-263.8456564937494,-1902.0736633742122,-0.8377309825606128,2.197238584750456,0.5556342889535641
8,0.6173927155490051,-89.6131725360155,-256.93200015629634,-1918.215985220187,-0.7915466634334486,2.2493629484334194,0.5655701009154607
9,0.7175104532056005,-86.27184343236266,-244.3303195398646,-1952.4044326676212,-0.6882804972644188,2.355840053982674,0.5866088313843995
10,0.817628190862196,-80.3892337995907,-231.60407149474395,-1986.777543614478,-0.5556976790486131,2.4687354893692146,0.6124472471927015
11,0.8676870596904938,-76.50994602621108,-224.92782411496137,-2003.6754973411096,-0.47488771671813146,2.525695907169777,0.6265719281370917
12,0.967804797347089,-67.58811107563362,-211.53141294963868,-2035.3633625867071,-0.3199106773116349,2.618736150935769,0.6480828232369884
13,1.0679225350036845,-58.819482582383074,-199.45191080804278,-2063.2379443695418,-0.21591400726687057,2.6762655074744104,0.6550451567718972
14,1.1179814038319822,-55.404273725950944,-194.43747260692288,-2076.4994236108887,-0.17636516822538814,2.7037914168258648,0.6512133492369555
15,1.2180991414885776,-50.090642591528294,-185.02012861615958,-2099.114806075226,-0.13085829007413832,2.7379279521001085,0.6354148156050685
16,1.3182168791451732,-47.19489083054539,-175.612465857121,-2115.8684397447496,-0.11207794667756728,2.7554770072817143,0.6205875735725864
17,1.3682757479734708,-47.01524470492667,-170.30080478703053,-2121.890385946629,-0.09618850843268258,2.7697664219633626,0.6211083031655222
18,1.4683934856300662,-46.96362784987491,-160.25508072770054,-2129.95448180498,-0.06428947534114851,2.7962569456261823,0.6177484351073309
19,1.5685112232866616,-48.04603491562555,-153.0181934713823,-2135.8846371287636,-0.04959955034824461,2.8244224847247787,0.6025756287931363
20,1.6185700921149595,-47.403774263898065,-149.97196304469296,-2138.3065357878563,-0.04261531542615984,2.8301521533307255,0.5919947642773611
21,1.7186878297715549,-46.82141744980329,-144.22724242608666,-2142.874632335499,-0.022062142671235893,2.852405741614437,0.5762377624869152
22,1.81880556742815,-47.13951597252496,-139.19308225802723,-2147.024429080018,-0.010360692045638381,2.875575029150836,0.5647507175105604
23,1.8688644362564477,-46.90503745239254,-137.19745964680038,-2149.1369800119096,-0.0002996855776501179,2.8836725740120617,0.5572029792214612
24,1.9689821739130433,-47.61752644746666,-133.46393413284184,-2153.0246385958653,0.004124279924788784,2.9023807576217813,0.5455889088320169
25,2.069099911569639,-48.077326127695606,-129.25547052562337,-2156.09083641986,0.006889904595408227,2.913843740767496,0.5364964289546705
26,2.1191587803979366,-47.39462412924774,-126.78905500586907,-2156.946722783308,0.010976428950302217,2.916921476444172,0.5350770068778599
27,2.219276518054532,-45.84285209638496,-122.10047995019603,-2157.9033860154314,0.013911750136349309,2.911835823753105,0.5438081688533791
28,2.3193942557111273,-46.3461662540859,-118.00415555979924,-2155.902856514378,0.010282637074150636,2.9083836583707643,0.5599119256540046
29,2.369453124539425,-47.923109627726426,-115.28413477663834,-2153.267013122238,0.01487436807765328,2.917525705505565,0.5749365739917444
30,2.4695708621960204,-49.68303613066426,-109.64518372786387,-2148.5443059848167,0.026939588364876838,2.9286028428787128,0.599530399003677
31,2.5696885998526158,-49.908499817740285,-104.86162163405506,-2147.019657396703,0.020004333672559684,2.926814143347904,0.6111292384413958
32,2.6197474686809135,-50.13328350737908,-103.07363149752754,-2146.1825722628328,0.02267171612122276,2.9305220677443318,0.61951694117085
33,2.7198652063375093,-50.11623412023575,-98.01907913329082,-2144.3468338091006,0.016473627529414187,2.923352597768293,0.6572006839426038
34,2.8199829439941047,-48.82862693930352,-90.88843826388867,-2142.289462212719,0.034689667242589255,2.915721094115729,0.7029544246020598
35,2.870041812822402,-47.58397870267787,-86.2401537728982,-2140.4716790745224,0.044582051760685054,2.9002540373760213,0.733383010516196
36,2.9701595504789977,-44.247921041761934,-79.32168790089827,-2140.6087161579544,0.05440314603375549,2.8947318762462855,0.7710194679478599
37,3.070277288135593,-42.46338967793498,-73.22027523423597,-2140.110114762888,0.04467684202402435,2.873905815815761,0.7989944237242366
38,3.1203361569638908,-42.38659617378242,-69.03668932839095,-2137.9047293918375,0.041212951252683504,2.85402041448392,0.8295838574996872
39,3.220453894620486,-40.81950831776547,-63.58067802823123,-2137.9300807743257,0.04848162948757608,2.8452159640225485,0.8582371544418241
40,3.3205716322770815,-37.947680538723006,-59.76365811665803,-2137.1278442625708,0.04262994922918147,2.827009843997132,0.8807846166769802
41,3.3706305011053797,-37.18780270238264,-57.67218347476412,-2135.9311983027533,0.04369787446838709,2.822689550153601,0.9032392016242186
42,3.470748238761975,-36.59229920108256,-55.30677707477012,-2137.9782536806374,0.035703738246129206,2.819834126121901,0.9077888790496098
43,3.5708659764185704,-36.242208755374726,-53.00800013734554,-2139.496979159434,0.034020488435203305,2.8190261694274232,0.9150088395080695
44,3.6209248452468676,-35.76980935047822,-51.85440828729942,-2139.7591299356045,0.02887421362342036,2.814736717009864,0.9221376507011361
45,3.721042582903463,-35.69267733828842,-49.84619731815185,-2142.0128669815067,0.024552613282548524,2.8166479055583316,0.9188877823473427
46,3.8211603205600584,-36.18645985581377,-47.575923474389725,-2143.5980110483347,0.016045382006727286,2.8098579856691615,0.9185982464692037
47,3.871219189388356,-36.07255147236483,-46.90650897585735,-2145.279573165845,0.014559847637208788,2.8090355545673455,0.914628104617652
48,3.971336927044952,-35.87603257803898,-44.80839341633688,-2146.7242638074176,0.015491983012729537,2.8108513159685575,0.9204695059247635
49,4.071454664701547,-34.97043298872126,-42.94193241300976,-2146.7046001344916,0.028287226576179197,2.822879983710928,0.9308315339046912
50,4.121513533529845,-35.0153437981727,-42.2862565868142,-2146.8879924706102,0.029036335738044254,2.8258311728289858,0.9329237176335994
51,4.221631271186441,-34.38804268166986,-42.054018171049144,-2147.006995834924,0.027672037584388798,2.833674229004307,0.9318347889418532
52,4.321749008843036,-34.32666195545054,-42.00800993805882,-2147.5395757536753,0.02352257064927032,2.836477675884907,0.9321686028588243
53,4.371807877671333,-34.267358814968006,-41.837173476470674,-2147.977094335523,0.029502912397367312,2.841955364292564,0.935165897374517
54,4.471925615327929,-34.06293874912486,-41.938108010483546,-2148.1599999884943,0.029427947054972734,2.84605006644776,0.9369618078728109
55,4.572043352984525,-33.99883390298152,-41.76718108166835,-2148.1760438912315,0.026853176231980216,2.849241076164816,0.9374161571594831
56,4.622102221812822,-33.97650569079732,-41.65233616245436,-2148.2144952731514,0.026590603258615633,2.8520413799063262,0.9363686127873365
57,4.722219959469418,-33.89852453010852,-41.21380302935293,-2148.2316598183975,0.026342815931885342,2.8540702458594946,0.9349810660077019
58,4.822337697126013,-33.86706910474891,-41.18940382886193,-2148.2041835346486,0.026371936892444405,2.8570485285087717,0.9343228878825666
59,4.87239656595431,-33.77841564149757,-41.27391168841738,-2148.3007485762264,0.026425656305947096,2.8583781344004633,0.9347784755744396
60,4.972514303610906,-33.8168350564072,-41.32005967862759,-2148.4751101387606,0.025716661010671972,2.8609822651758234,0.9369077470357978
61,5.072632041267501,-33.686889657083846,-41.30835673002146,-2148.4809308590675,0.026852910961753056,2.865308783988268,0.939586475956164
62,5.122690910095799,-33.750795614469446,-41.71166447206745,-2148.5342087399054,0.020086436768533757,2.867254117273722,0.9373151300490136
63,5.2228086477523945,-33.8979168822618,-43.39137799829694,-2148.1221920128296,0.022778335383696335,2.8723086718963358,0.9395705973584709
64,5.32292638540899,-35.43041969696333,-48.191755885280266,-2143.0366071514936,0.05441387134245504,2.883372355703055,0.9568043698639225
65,5.372985254237288,-37.85523528293341,-52.10994678880719,-2137.8178099112856,0.05683712237930138,2.8874745508212714,0.9690527107297756
66,5.473102991893883,-42.21417204480828,-60.41660036169095,-2122.207182554715,0.04332158011481387,2.8805240005796495,0.9979534390436262
67,5.573220729550479,-47.01586456601316,-67.13469937703547,-2105.301479011643,0.03851815353219622,2.89977727578035,1.0283683139676951
68,5.623279598378777,-49.43796309549304,-69.95123721460746,-2097.2300461047885,0.03089239810248801,2.9025330449511038,1.0426359813110788
69,5.723397336035371,-54.068213235581936,-78.12707484226992,-2079.12488742715,0.016483372176173648,2.899557941394979,1.0782597538910463
70,5.823515073691967,-60.276606209928424,-89.77668982487333,-2055.5049015285013,0.011393986612404747,2.8974437073933985,1.1209324588826022
71,5.873573942520265,-63.27157004046801,-96.32542578201873,-2040.510830486594,0.004497597619888076,2.88523402920955,1.1451069189768015
72,5.97369168017686,-70.36658813184488,-110.69430436061596,-2003.6532071535946,-0.032426100652497514,2.848810694252561,1.2090681014478157
73,6.073809417833456,-76.61934028177589,-126.11162269302253,-1959.994519058261,-0.06627783544845588,2.7900758369210616,1.2922869857960815
74,6.123868286661754,-78.66822633948468,-134.21164456781466,-1936.3958896676456,-0.07076160515518357,2.762144438167165,1.3391416179171118
75,6.223986024318349,-80.70101829042717,-150.25343763851635,-1887.3478428924402,-0.07093427742527994,2.692017169041,1.4476837806240375
76,6.3241037619749445,-82.49555010044995,-169.53909926945553,-1836.7275342660005,-0.06861102935597428,2.606385245457762,1.5567429068147907
77,6.374162630803242,-83.10494472277759,-180.71406342680825,-1810.9018431794125,-0.06906753816996256,2.5636570492682575,1.6100265840780426
78,6.474280368459838,-84.39719677691349,-202.48518104260862,-1759.1462039083776,-0.06304156265192346,2.4763129621882083,1.7100571410113021
79,6.574398106116433,-84.05774713325485,-221.4043152957176,-1708.7462037726673,-0.06930953301449222,2.377828705227923,1.7869459043430689
80,6.624456974944731,-83.84141244356852,-229.88287354507563,-1684.6203793716684,-0.07263726599539243,2.3401634497650714,1.8201638808675054
81,6.724574712601326,-84.06458105755303,-243.48641357375257,-1638.8269312786426,-0.0747836111354902,2.300140013526099,1.8726714557116289
82,6.824692450257921,-83.37717559595895,-251.01730319498742,-1594.2243337303898,-0.06697920336728902,2.2689642062172974,1.902712063072008
83,6.8747513190862195,-83.19087166740144,-253.24549603879342,-1572.2363674105366,-0.06997546957666699,2.2545337973293273,1.9140873583702838
84,6.974869056742815,-82.93051011081477,-253.23022784285024,-1530.2718709669948,-0.08454977600433201,2.2236314237868804,1.9277770388165332
85,7.07498679439941,-82.05021407101665,-245.20809751206937,-1493.485513406618,-0.11317691292973854,2.1990875751061187,1.914892993645477
86,7.125045663227708,-81.65545084066575,-238.48190532752716,-1477.7543199906195,-0.13240149098553522,2.183590166973936,1.9031254946350304
87,7.225163400884303,-80.83311621526641,-221.46149587679375,-1452.5035347409391,-0.1816479033224265,2.150626022197968,1.8865049834934275
88,7.325281138540898,-78.27757048199844,-202.31053621411075,-1436.0594250751678,-0.21930225497940417,2.126397575961652,1.8698991705321137
89,7.3753400073691955,-76.74354254952742,-192.68269364313792,-1430.5203312244212,-0.23967482793060835,2.1116881912570524,1.8639670602914515
90,7.475457745025791,-74.04053693542458,-173.84880231149762,-1423.3097708022372,-0.2767842514591404,2.0727129792702867,1.8544533482558723
91,7.575575482682387,-72.42166445090169,-156.11894847580749,-1421.5049274552307,-0.33402699416990334,2.0323223531411636,1.838127273089697
92,7.625634351510684,-71.7900506093684,-148.0511859731966,-1422.4340649707456,-0.3652471917871998,2.010624527615126,1.8272665795837841
93,7.72575208916728,-69.21314510307644,-133.1672130545097,-1426.4258982605077,-0.4143149350786026,1.972444475851386,1.808683539326247
94,7.825869826823875,-63.37204779469377,-119.12326123812652,-1431.5415270027486,-0.43357635602026984,1.9555680773512114,1.7954869045508464
95,7.875928695652173,-59.903944871656535,-113.19825908910687,-1433.93981319178,-0.4405272958876368,1.9497302710124949,1.7924244240008294
96,7.976046433308769,-53.72168216106972,-103.65795003012225,-1437.5739772010743,-0.4464552276018532,1.9263966596650106,1.7950920938526276
97,8.076164170965365,-49.279155391299454,-96.56351992978229,-1440.5654181743275,-0.4613956094821937,1.9178353720088004,1.7965069758766652
98,8.126223039793661,-47.57730921941193,-93.57853079279792,-1442.165360090917,-0.4717181290070062,1.9120808921588062,1.7931222467724042
99,8.226340777450257,-45.07322938326213,-89.01501294802515,-1445.7799275403463,-0.5049583648478304,1.8878955860427686,1.7750746746996375
100,8.326458515106852,-43.58428397216423,-86.11342877523205,-1449.3344883344703,-0.5427073409873789,1.8571869055366022,1.7526317533405378
101,8.37651738393515,-43.10876483206641,-85.11556231412915,-1450.468010955784,-0.5605458361632137,1.841382516214092,1.744053430098915
102,8.476635121591746,-42.82271895796109,-83.4479308440194,-1451.633690918547,-0.5892498257258127,1.8128655126053392,1.733337054956044
103,8.57675285924834,-41.59836745276854,-81.89413887840281,-1452.0317448615813,-0.606898990539474,1.7991333050355223,1.7224652428376641
104,8.626811728076639,-40.30849796454294,-81.03929079683547,-1451.7507919450643,-0.6068358293693006,1.79107780534699,1.7208228085655646
105,8.726929465733235,-37.88830466938941,-79.92554024844691,-1451.466696123332,-0.6106844747111407,1.7723207249923034,1.7105425501021059
106,8.82704720338983,-37.26319650044641,-79.78434676640975,-1451.5741572553836,-0.6207046979694821,1.7447543275277213,1.7003189312422176
107,8.877106072218128,-37.60891350366944,-79.76259066719645,-1451.8666834778446,-0.6286850723353067,1.728717068964229,1.6925658484288937
108,8.977223809874724,-38.88747291509753,-79.53938895811856,-1453.0960045835727,-0.6523659335614561,1.704274015792041,1.6727619828121096
109,9.077341547531319,-39.79139780511312,-78.6784424551935,-1454.8594043111775,-0.6712292059742847,1.6884608167183042,1.6554385094286344
110,9.127400416359617,-39.754784057562716,-78.26596402922769,-1455.6780601166743,-0.678739402595199,1.6789477814333296,1.6467012432940045
111,9.227518154016213,-39.076330572383256,-77.62983784237989,-1456.8978653206143,-0.6882347577758313,1.657461534895505,1.6327489363514225
112,9.327635891672806,-38.39143524583591,-76.94189631597031,-1457.9715536444437,-0.6971277614223055,1.6398047181046338,1.6206155810466214
113,9.377694760501104,-38.034084770904514,-76.56727965500673,-1458.6294891354446,-0.7023514891427406,1.632089253306085,1.6134546724303218
114,9.4778124981577,-37.42177839369299,-76.20006503187659,-1460.4179300198166,-0.713442410328836,1.6165065517242017,1.5995936640456114
115,9.577930235814295,-37.66363987990303,-76.57490441240641,-1461.680804275206,-0.725483522290005,1.605364144924321,1.5901932560869667
116,9.627989104642593,-38.183459629003266,-76.83384546860265,-1462.1027357005885,-0.7295642780867606,1.6031102915310065,1.58925000694434
117,9.728106842299189,-38.53864501681764,-76.69946848497545,-1462.0168759596777,-0.7339587409861642,1.5946615558462838,1.5878969396782634
118,9.828224579955783,-38.246912928164676,-76.9021258471102,-1462.0405083086825,-0.7340448362204895,1.585119425130049,1.583003225778241
119,9.878283448784082,-38.22428640836847,-77.10527940157839,-1462.1153198251257,-0.735068507394859,1.5831778571468493,1.581875991741281
120,9.978401186440678,-38.907583124610056,-77.31984553839888,-1462.1849471518656,-0.7388911018420851,1.577698417426145,1.5797804232703676
121,10.078518924097272,-40.4082950256699,-77.81536345224409,-1463.1939617056262,-0.7505318858557216,1.564995879812708,1.5692545262730646
122,10.12857779292557,-41.0911055431132,-78.060983143898,-1463.5223279869167,-0.7547831681795367,1.5579243590066887,1.566120812749875
123,10.228695530582165,-42.08934840148086,-78.78456883362378,-1463.7037721662866,-0.7581246182717561,1.5533495386011371,1.5639801659171808
124,10.328813268238761,-42.8204702775507,-79.66207835083765,-1464.2106194387732,-0.7600338065007839,1.548056920815243,1.563873270154753
125,10.37887213706706,-43.06312158120738,-79.88216325313351,-1464.4941659137646,-0.7624824664464859,1.5427657660350413,1.5601084735019326
126,10.478989874723654,-43.95277212982123,-80.59754632310903,-1464.8639347952696,-0.7687455187849109,1.535396568463809,1.556548299050763
127,10.57910761238025,-44.789098409650165,-81.43364425442252,-1465.1154243590765,-0.7716536569073121,1.5266152927489514,1.5547291085854438
128,10.629166481208548,-45.14625320646246,-81.67608925340747,-1465.1664806697283,-0.7752294900712416,1.519379851298935,1.5527444491995441
129,10.729284218865143,-46.38558788284516,-82.51492581200557,-1465.92115103576,-0.7828653338875996,1.5126883247485072,1.5498030807225687
130,10.829401956521739,-47.72710651609316,-83.36447223289974,-1466.9176696795314,-0.7906000321249248,1.5039393216581114,1.5467999316696373
131,10.879460825350037,-48.24340942873175,-83.63381609404988,-1467.3853687153712,-0.7945574712669019,1.4994488367624625,1.544368100833617
132,10.979578563006632,-49.45758492708654,-84.30396374212756,-1468.761602850248,-0.805234313751997,1.478936013303284,1.536741349745445
133,11.079696300663228,-50.53982174091735,-84.99535895988978,-1470.8159391878037,-0.8218743889566004,1.4635202723186245,1.5234588990667823
134,11.129755169491526,-50.77534500929269,-85.125988605049,-1471.8806281031939,-0.8282946407440888,1.4596243601723056,1.516957654018685
135,11.22987290714812,-50.75765314993839,-85.10439112070753,-1473.3379555091185,-0.8325153462456132,1.4533855077735034,1.5109878968135915
136,11.329990644804717,-50.70665821710233,-85.44268947701909,-1473.57080005262,-0.8314394428157889,1.447450129669641,1.5103183776674538
137,11.380049513633013,-50.771852848585866,-85.5043453150018,-1473.781100951861,-0.831720044512002,1.4416656783042479,1.5083682545819714
138,11.480167251289608,-50.76907398995192,-84.9891468813791,-1475.081839271585,-0.838115857667286,1.429019074959605,1.4949769086863054
139,11.580284988946204,-51.28187677509894,-85.08180362701482,-1477.4220266689024,-0.8520909506889583,1.4178668397856382,1.4807958733716304
140,11.630343857774502,-51.72406855764734,-85.18905761179127,-1478.4415993077946,-0.85915383070203,1.4100476885391295,1.4750866364566004
141,11.730461595431098,-52.62742488838222,-85.192326017174,-1479.9889369786279,-0.8693428458128989,1.3974164931915087,1.466635388449458
142,11.830579333087693,-53.097688373940116,-85.53357908529239,-1480.353486393964,-0.8727961869288088,1.3896010821253815,1.4650771763914543
143,11.88063820191599,-53.28114706245381,-85.86739144768521,-1480.290924126507,-0.8725418359450978,1.3840164194905507,1.4661257042731646
144,11.980755939572585,-53.997496950376075,-86.5200984570277,-1480.2440044120704,-0.8759862556951701,1.3740082446344812,1.4653964903651655
145,12.080873677229182,-54.76549336217758,-86.83547796424915,-1481.2405715695577,-0.8832054425935453,1.363155318706769,1.4569421635621336
146,12.13093254605748,-55.154079194148636,-87.08332978782593,-1481.9114115449468,-0.888648819226864,1.357614087272884,1.4511700477964524
147,12.231050283714076,-56.27891295229725,-87.74580129450447,-1483.6376593622072,-0.8991883188070423,1.3427613593199388,1.4426124713110033
148,12.33116802137067,-56.814325340574385,-88.01709530525332,-1485.6689829196937,-0.9097398971375732,1.3297895389571361,1.430861299925699
149,12.381226890198967,-56.76594649229014,-88.00670077498103,-1486.8936971158391,-0.9138988555588384,1.3264431807356831,1.423611143455217
150,12.481344627855563,-56.44634511280569,-88.17306094913198,-1489.1954554284032,-0.921811467825536,1.318335184269888,1.4124626636031934
151,12.581462365512158,-56.30642004333967,-88.4009280845377,-1491.35604946865,-0.9322724972984917,1.3016998912569964,1.3993162133245654
152,12.631521234340456,-56.312109245895044,-88.48400654170285,-1492.5313718105608,-0.9372406520372026,1.294086067117117,1.3925782459866805
153,12.73163897199705,-55.80368810098253,-88.41102894120377,-1494.2230454792561,-0.9451878557718929,1.2842252337853568,1.3789304672879463
154,12.831756709653646,-54.777020652265634,-88.8294235281636,-1495.245311509236,-0.9470538048454323,1.2810262177883882,1.3744106364565152
155,12.881815578481945,-54.35733023064651,-89.25762688943132,-1495.471420643601,-0.9466306939891064,1.2769459401787369,1.3743128822461244
156,12.98193331613854,-54.300597734692076,-89.99820879437657,-1495.1709062438379,-0.9434330454592075,1.2680091018776192,1.380235396241263
157,13.082051053795135,-54.121446955677555,-89.95264650447655,-1494.8682115994968,-0.940798076796687,1.258341625965138,1.381427431320224
158,13.132109922623432,-53.86521693914574,-90.00004670168046,-1495.1136155521065,-0.9417627735297082,1.250724000912748,1.379004615177537
159,13.232227660280028,-53.4326012432158,-90.56726253885407,-1497.007994845181,-0.951452111758968,1.229385418141659,1.364774142292592
160,13.332345397936622,-52.90005044973873,-90.19487343541438,-1499.6232531494386,-0.9623580033764711,1.2151204964469549,1.3479430529079697
161,13.382404266764922,-52.50238792237988,-89.7226750597819,-1501.2021457501714,-0.9689490850993321,1.2091672527336985,1.3368349588888253
162,13.482522004421519,-51.868336775826094,-89.1098791524631,-1504.0752605352484,-0.9813281772424425,1.1994663144242395,1.3192049284493945
163,13.582639742078113,-51.86392855847234,-88.7447941648,-1506.158122563889,-0.988039969435772,1.1921463854685417,1.3127458624934762
164,13.63269861090641,-51.75685487367613,-88.37102888323655,-1506.6749830352908,-0.9895224131680216,1.1893128788485552,1.308998373508915
165,13.732816348563006,-51.65503663126276,-87.88494327055139,-1507.343775485698,-0.9913506417962059,1.1856515226126212,1.3037875728608308
166,13.8329340862196,-51.660432620385166,-87.52352834737707,-1507.4055288496177,-0.9904676719655131,1.1823737159226368,1.301062734152767
167,13.8829929550479,-51.56916857767064,-87.35179731684579,-1507.4219291019576,-0.9903016267646916,1.1808367690934232,1.3000016751857628
168,13.983110692704495,-51.37885552900556,-87.27882766870252,-1507.8072930798844,-0.9913352451730575,1.1797985288593273,1.3000419776554253
169,14.08322843036109,-50.83746934492095,-87.00940331914347,-1508.3391930913106,-0.9910402080590118,1.176219402222271,1.2974439443724335
170,14.133287299189387,-50.640378290644804,-87.12564153107469,-1508.658651726849,-0.9931116360443445,1.1757685202784058,1.2969436218732804
171,14.233405036845983,-50.61963027555194,-87.58913109099511,-1509.4130362738458,-0.9960455738803372,1.1718485178261286,1.2945576527769203
172,14.333522774502578,-50.65143247867081,-87.55596440199797,-1509.9768449455858,-0.9966348661090875,1.172486128048164,1.293123432526205
173,14.383581643330878,-50.57260572836972,-87.71471402529657,-1510.1855997198643,-0.9966857686244001,1.172330554158567,1.2929678565789464
174,14.48369938098747,-50.68650609934346,-88.19154682508571,-1510.7370959679988,-0.9938937666102807,1.176429750579147,1.2958429069696478
175,14.583817118644065,-53.069538821249466,-89.06122451280345,-1510.879942458345,-0.9870219970726374,1.1950891087202995,1.3085357793252121
176,14.633875987472365,-55.564839131756514,-89.49124517370788,-1510.7002164789528,-0.9833723616999238,1.2091771862159286,1.3205365596229584
177,14.73399372512896,-62.0263132224253,-89.22822459368078,-1509.6400811529484,-0.9653249415958969,1.2567683395327969,1.356366969431701
178,14.834111462785556,-67.97643661899752,-88.90780157120089,-1507.173493282247,-0.925634536464186,1.350475270852521,1.4137561131997527
179,14.884170331613852,-70.38797469818624,-88.96942203017014,-1505.7066243811976,-0.9001771647421425,1.402446436127414,1.44636581936182
180,14.984288069270448,-76.03930083026341,-89.94200970680733,-1503.7874079191017,-0.8474996524434549,1.5203747322210932,1.5237223924314547
181,15.084405806927043,-79.58164386961226,-89.02099417035797,-1504.1321650244101,-0.7976769888354592,1.651566835918745,1.5839529567133315
182,15.134464675755343,-79.89821565517738,-87.91005817946703,-1504.5491338044267,-0.762537453977413,1.7166581456093575,1.6193700617076254
183,15.234582413411937,-77.04209734379114,-86.79071259932573,-1502.1667407452455,-0.6806293717840475,1.8143160297687002,1.6993982757381787
184,15.334700151068533,-70.31423656800281,-87.6340536388297,-1496.203810865537,-0.5790792609510292,1.9130107064553994,1.7856690494944545
185,15.38475901989683,-66.02116420322743,-88.73595895967549,-1492.4895810614523,-0.5150258088342614,1.9735717105259225,1.8345027216734577
186,15.484876757553424,-57.184065274784075,-92.19275225141934,-1485.211526252965,-0.37834640947891474,2.0781630373165014,1.9277406197295794
187,15.58499449521002,-53.03728233871064,-99.95623035768342,-1481.0324727089635,-0.2885354400524999,2.1248796375432133,1.976014704957591
188,15.635053364038319,-52.76645564913015,-106.14179214207516,-1480.4425126692386,-0.2637258200859257,2.1358240616604416,1.9869437810351027
189,15.735171101694915,-52.144009282529495,-122.74048664052398,-1479.644171010008,-0.20102284783299168,2.174437525807373,2.0222388435690295
190,15.835288839351511,-47.45027994193179,-143.47674215123058,-1478.44636160485,-0.120239820864188,2.207384534231886,2.06258534284458
191,15.885347708179808,-43.346616567479074,-154.81907274185235,-1478.6514467193754,-0.08830180339717969,2.2116558703441274,2.0693466118878217
192,15.985465445836402,-31.177520728703506,-177.32015427372832,-1480.0015382245165,-0.014929595569082466,2.2038667865380046,2.075655526195281
193,16.085583183492997,-16.66936272637502,-200.0329738609144,-1480.822525698534,0.0663938298535925,2.1995325614589634,2.0959609545283318
194,16.135642052321298,-10.559913832465377,-210.9238674294848,-1481.6851568928266,0.09075507356609022,2.2025441315588496,2.1027643177203283
195,16.23575978997789,-4.023995337821233,-228.0432429042654,-1483.708080811779,0.09754685669973405,2.227882816757251,2.121466243262046
196,16.335877527634487,-3.379795246026461,-236.65125267143907,-1486.2731104879847,0.06423514500148372,2.229058792108443,2.1008033534047765
197,16.385936396462785,-2.471022355148534,-239.0162894334424,-1488.0908014631782,0.04722426105140585,2.239397874379767,2.09075531284413
198,16.48605413411938,-0.4800945954573521,-242.47310654683278,-1488.5982818169405,0.03678628043920338,2.2573385483344786,2.092049988939007
199,16.586171871775974,-0.2012515895418261,-242.9334890328561,-1487.930013142487,0.037694253776150016,2.262744492250692,2.083103052381677
200,16.636230740604272,-0.7597532485039906,-242.48716736347848,-1487.836583886874,0.04014417845081697,2.2627334960946204,2.078708838191005
201,16.73634847826087,-0.7750139757281858,-241.0350581505424,-1488.4222465962034,0.046368051641187874,2.269655816187061,2.0718653483321767
202,16.83646621591746,-0.8288070622226087,-240.96201238385538,-1488.020666515435,0.04810769832194001,2.279941301418845,2.060837394142524
203,16.886525084745763,-0.8109761762760641,-240.86572136935987,-1487.0345468120497,0.05226764601394901,2.285283022097337,2.0565911804489843
204,16.986642822402356,-1.0001007881037083,-241.21605635325076,-1485.9632070369735,0.052615699417549254,2.2925141347772025,2.03965589884681
205,17.086760560058952,-0.9875284638020076,-242.34467556794033,-1485.1073241736426,0.06416326616196512,2.2938642648496943,2.0305520439029467
206,17.13681942888725,-0.8966766183770787,-243.02198383646788,-1484.6049049449807,0.06775976072191428,2.2982369376323644,2.019938192907283
207,17.236937166543846,-1.1654257557915386,-244.52620997097935,-1483.0281730724857,0.0711849154189062,2.302260129855458,1.9977573989933681
208,17.33705490420044,-0.9615420393891227,-245.4364917594745,-1482.2677309881087,0.07506545730886176,2.307371294786762,1.985842942243563
209,17.38711377302874,-0.12841705150505334,-245.436678127053,-1481.7370828683643,0.07721673396890431,2.3005500463884054,1.981107992825046
210,17.487231510685334,0.8529969503226695,-245.48122906769214,-1482.3019350335626,0.07696337172203037,2.300841761417967,1.968951377181499
211,17.58734924834193,0.8928561594909894,-245.57770661912403,-1483.0984503556379,0.07901709885210804,2.303490869526442,1.9641537152826212
212,17.637408117170228,1.0909185606228888,-245.56871664661546,-1483.6984067882886,0.08377304676921492,2.3060477725639488,1.961553424530042
213,17.73752585482682,0.899205962497355,-246.22257618137826,-1486.1875899305176,0.08337028975286534,2.3162732936190915,1.946462967232632
214,17.837643592483417,1.2518167251838506,-247.66809248882805,-1489.0433013733036,0.0808855866740089,2.324579637854542,1.927679278384564
215,17.887702461311715,1.0159726751515237,-248.27571587498875,-1489.685288057041,0.07986086374218458,2.334034384064365,1.920541006089096
216,17.98782019896831,0.7147184553555732,-248.94597635874504,-1490.5187727097255,0.08078489526507315,2.3426725170448175,1.9040225746415667
217,18.087937936624908,0.3411648521976076,-249.4345844221898,-1490.6020102497412,0.07874707436140783,2.3510550241967656,1.8885665039817294
218,18.137996805453206,0.35407459326241053,-249.6166781568549,-1490.9792200749425,0.07699797750588555,2.3534403577999736,1.8798227482578973
219,18.2381145431098,0.6447174932491677,-250.46828931679465,-1491.2211144980183,0.07294212587194046,2.364101044138241,1.866052605096797
220,18.338232280766395,0.6432826377332006,-250.83708144937654,-1491.2333920195472,0.06985880169020259,2.3785675403809523,1.8485840128844642
221,18.388291149594693,0.7719854361438152,-251.0803174310871,-1491.0181199035253,0.06693102683069431,2.385247335885348,1.836080827497259
222,18.48840888725129,0.8929647503582174,-251.4835052909142,-1490.481951376078,0.06327863249672049,2.389567959538796,1.8202692350951386
223,18.58852662490788,0.9658868428918055,-251.52351796504715,-1490.4862277647403,0.06286906157503787,2.394069531602402,1.8136962605976248
224,18.63858549373618,0.9136564223272714,-251.54426853997825,-1490.4444996936622,0.06310861147432459,2.3951418684213754,1.8123420955908125
225,18.738703231392776,0.9286810237460301,-251.4821972155437,-1490.5243142882296,0.06318565057359223,2.3990911353609445,1.8101327379232799
226,18.838820969049372,0.9298972775670507,-251.53283054728368,-1490.5418205658323,0.06340467844555268,2.403078439564883,1.8067800348805563
227,18.88887983787767,1.0288995304885091,-251.58328573654484,-1490.5451017034702,0.06284435652049981,2.403868757337844,1.805154906247799
228,18.988997575534263,0.8662443786172886,-251.79279526164524,-1490.5140928300953,0.06410789879661885,2.405815164346573,1.8017717785349672
229,19.08911531319086,1.0184129258800354,-251.70675680110023,-1490.436359577364,0.06336740311390149,2.4049478424286295,1.8015861992995867
230,19.139174182019158,0.9545114837915492,-251.52021802649023,-1490.5191282063513,0.06449776299160392,2.4038244867745924,1.80318402965582
231,19.239291919675754,0.9838165866553865,-251.4931061017456,-1490.588346079316,0.06502671598828584,2.4064922790701204,1.803219961379364
232,19.33940965733235,1.0342221128273437,-251.47062636089117,-1490.4924159619018,0.06526245303091394,2.4065479302499986,1.8021082609554775
233,19.389468526160645,1.0593489938880012,-251.68555701896713,-1490.5114799514363,0.06461177958357622,2.408849219065585,1.798389307010333
234,19.48958626381724,0.9930252488291629,-251.9688713406546,-1490.4568901452526,0.06518886212466132,2.409535136185254,1.7955151836672971
235,19.589704001473837,1.0405240797258912,-252.00787335428765,-1490.5251509590942,0.06573029334490131,2.4075704040500145,1.795105470469866
236,19.639762870302135,0.9788455252542221,-251.90993998287985,-1490.544050034809,0.06557995186215707,2.406915511269814,1.7943961052472794
237,19.73988060795873,1.0715056513456673,-252.1889353126072,-1490.681905746899,0.06597520898434754,2.408041526851576,1.795366453619486
238,19.839998345615328,1.157699062859848,-252.28234824327987,-1490.8066936006862,0.06551999904488426,2.4092840020920145,1.7945689275951968
239,19.890057214443623,1.092606529095498,-252.22223586318256,-1490.8149540893598,0.06636766999565263,2.409682076207769,1.7945276456039365
240,19.99017495210022,1.2227541468090593,-252.25653812912347,-1490.903786065228,0.06638753462352483,2.4110305348172414,1.7964618410079696
241,20.090292689756815,1.1739004280079257,-252.50741548333522,-1491.0705235305886,0.06749076312908202,2.413375699593162,1.7964299932202377
242,20.140351558585113,1.0985698951712664,-252.65359291723152,-1491.1112815493525,0.06911617720331921,2.414392667659048,1.7953221131825836
243,20.24046929624171,0.45867940983446687,-253.82445195857707,-1491.7395871024792,0.08282854817750898,2.427389194606377,1.7893305800271955
244,20.340587033898306,-0.7012366837127715,-257.39861122538264,-1493.1353509659946,0.10162532928069241,2.4600539803951653,1.7580516559958363
245,20.3906459027266,-1.0222805271464708,-260.5607423000561,-1493.4321735043786,0.10747669934253817,2.4745378738679062,1.7295811355727058
246,20.490763640383197,-2.6348070648505555,-267.5371132648986,-1492.9741225997775,0.11942992797613121,2.5070515764886383,1.6677319433945892
247,20.590881378039793,-6.917100338103737,-273.46359808336354,-1491.1364067603693,0.1174497196577588,2.5442415370971,1.6051638964267925
248,20.640940246868087,-9.410702502052835,-275.7538204636381,-1489.8350282802412,0.12285631509778457,2.570375156289269,1.579220937816234
249,20.741057984524684,-12.00649047940071,-279.5552972345984,-1486.7660962558755,0.14918600794841586,2.616020041039516,1.5310811101979367
250,20.84117572218128,-12.301585251116222,-284.06840406387937,-1486.4497587049755,0.16028863778077515,2.6517897640003127,1.4548873381268845
251,20.891234591009578,-12.815949001534356,-287.15776348317416,-1486.6273217954345,0.16686136914624253,2.6739569131119376,1.4208411852513996
252,20.991352328666174,-13.40673231919169,-293.08800287113047,-1485.3194963837254,0.16670835647924004,2.715997183947549,1.368863128800747
253,21.09147006632277,-11.8296169165028,-297.3945978189343,-1482.6331101517783,0.15603849135502396,2.7316240509043563,1.322749622668115
254,21.141528935151065,-12.260489378762742,-300.11561207062334,-1481.6513959941294,0.15227176779460752,2.748935126077586,1.30397304599458
255,21.24164667280766,-13.896951968704599,-309.68404152290714,-1479.8849782524205,0.13593180455512874,2.780872864072623,1.2694007737148
256,21.341764410464258,-15.077644162116314,-324.3857487382404,-1479.308102903784,0.11356038967812757,2.814868487398531,1.2281530926840616
257,21.391823279292556,-14.815944439119157,-331.9672517220814,-1480.1859424231088,0.10631245598721033,2.827530013331724,1.206123637934201
258,21.491941016949152,-13.852888195786434,-348.2927055941692,-1483.1408235851968,0.08876611026474632,2.8332489169536075,1.1707533013478904
259,21.59205875460575,-18.406679891848647,-366.05461379280337,-1481.556891226986,0.05762991684980087,2.85583174909371,1.1891687586361217
260,21.642117623434043,-22.66914785283764,-373.91859982218256,-1479.44457854406,0.029471906042267473,2.8594854688787796,1.2127817772738225
261,21.74223536109064,-34.43121320701998,-385.93851288784913,-1474.873120626622,-0.03617498810093879,2.854018403045113,1.2943392405133367
262,21.842353098747235,-51.50735478100312,-397.51691488072476,-1474.4708010211027,0.1270755974049399,-2.7816300811318007,-1.3535908304952797
263,21.892411967575534,-60.952630599436304,-403.30904089462496,-1477.1027755421087,0.1874721272634148,-2.751223196114429,-1.3867233492215765
264,21.99252970523213,-79.12667075984969,-416.34887780357496,-1488.081343671899,0.2985607828420033,-2.691111886886952,-1.4378514332500802
265,22.092647442888726,-91.65937834899623,-434.9572707792536,-1504.051609634295,0.373109043179811,-2.6418004851138948,-1.4952076538703418
266,22.14270631171702,-104.19208593814277,-453.5656637549322,-1520.0218755966907,0.4476573035176186,-2.5924890833408374,-1.5525638744906034
267,22.19276518054532,-116.72479352728931,-472.1740567306108,-1535.9921415590866,0.5222055638554263,-2.54317768156778,-1.609920095110865
268,22.242824049373617,-129.25750111643583,-490.7824497062894,-1551.9624075214824,0.596753824193234,-2.4938662797947226,-1.6672763157311266
269,22.292882918201915,-141.7902087055824,-509.390842681968,-1567.9326734838783,0.6713020845310416,-2.4445548780216653,-1.7246325363513881
270,22.342941787030213,-154.32291629472894,-527.9992356576466,-1583.902939446274,0.7458503448688492,-2.395243476248608,-1.7819887569716497
271,22.39300065585851,-166.85562388387547,-546.6076286333252,-1599.87320540867,0.820398605206657,-2.3459320744755505,-1.8393449775919113
272,22.443059524686806,-179.388331473022,-565.2160216090039,-1615.8434713710658,0.8949468655444646,-2.296620672702493,-1.8967011982121729
273,22.493118393515108,-191.92103906216855,-583.8244145846825,-1631.8137373334616,0.9694951258822722,-2.2473092709294358,-1.9540574188324344
274,22.543177262343402,-204.4537466513151,-602.4328075603611,-1647.7840032958575,1.0440433862200797,-2.1979978691563784,-2.0114136394526962
275,22.5932361311717,-216.98645424046163,-621.0412005360397,-1663.7542692582533,1.1185916465578876,-2.148686467383321,-2.0687698600729574
276,22.643295,-229.51916182960815,-639.6495935117183,-1679.7245352206492,1.1931399068956952,-2.0993750656102637,-2.1261260806932194
