,Time,x,y,z,Rx,Ry,Rz
0,0.016687026529108327,-158.1571670432868,-269.4100240150623,-1901.2110325833457,-0.5829026662178811,2.4246009871122953,0.7417975339839036
1,0.06674810611643331,-155.88693179973671,-263.9838142716269,-1907.5394264510478,-0.5313930744088777,2.519018917371223,0.7232725226665857
2,0.11680918570375828,-153.61669655618664,-258.5576045281915,-1913.8678203187499,-0.4798834825998743,2.6134368476301506,0.7047475113492678
3,0.21693134487840826,-147.89682373445922,-247.53852112272295,-1931.4595625423954,-0.37309786424219893,2.7873295471132895,0.6488114453446823
4,0.3170535040530582,-138.4460208808237,-234.71869081459315,-1953.4473619623082,-0.24776954618792202,2.910376428971609,0.5887840169513906
5,0.3671145836403832,-133.18676969228943,-228.48803809707437,-1966.9143885309034,-0.1792267449845544,2.968845785370341,0.5488266208889522
6,0.46723674281503313,-122.3528513971088,-216.80125709838984,-1997.50792624326,-0.049893627801716106,3.0470054248132543,0.4491646396198174
7,0.5673589019896832,-121.81611076438968,-215.24346090500222,-1998.4649694026355,-0.048469247668367785,3.0472679485249974,0.4507476181942362
8,0.6174199815770081,-121.27937013167055,-213.6856647116146,-1999.4220125620109,-0.04704486753501944,3.047530472236741,0.45233059676865495
9,0.6674810611643331,-120.74262949895143,-212.127868518227,-2000.3790557213863,-0.04562048740167111,3.047792995948484,0.45391357534307375
10,0.717542140751658,-120.20588886623231,-210.57007232483937,-2001.3360988807617,-0.044196107268322765,3.0480555196602275,0.45549655391749255
11,0.767603220338983,-119.66914823351318,-209.01227613145176,-2002.2931420401371,-0.04277172713497443,3.0483180433719705,0.45707953249191136
12,0.8176642999263081,-119.13240760079407,-207.45447993806417,-2003.2501851995125,-0.041347347001626095,3.0485805670837136,0.4586625110663301
13,0.867725379513633,-118.59566696807495,-205.89668374467655,-2004.207228358888,-0.03992296686827776,3.048843090795457,0.4602454896407489
14,0.9177864591009579,-118.05892633535582,-204.33888755128893,-2005.1642715182634,-0.03849858673492942,3.0491056145072,0.4618284682151677
15,0.9678475386882829,-117.5221857026367,-202.78109135790132,-2006.1213146776388,-0.037074206601581075,3.0493681382189437,0.4634114467895865
16,1.0179086182756079,-116.98544506991759,-201.2232951645137,-2007.0783578370142,-0.03564982646823274,3.0496306619306868,0.46499442536400526
17,1.067969697862933,-116.44870443719846,-199.66549897112608,-2008.0354009963896,-0.034225446334884405,3.0498931856424303,0.46657740393842406
18,1.118030777450258,-115.91196380447934,-198.10770277773847,-2008.992444155765,-0.03280106620153607,3.0501557093541734,0.46816038251284287
19,1.168091857037583,-115.37522317176023,-196.54990658435085,-2009.9494873151405,-0.03137668606818773,3.0504182330659164,0.4697433610872616
20,1.2181529366249078,-114.8384825390411,-194.99211039096323,-2010.9065304745159,-0.029952305934839392,3.05068075677766,0.4713263396616804
21,1.2682140162122328,-114.30174190632198,-193.43431419757562,-2011.8635736338913,-0.028527925801491053,3.050943280489403,0.4729093182360992
22,1.318275095799558,-113.76500127360286,-191.87651800418803,-2012.8206167932667,-0.027103545668142714,3.0512058042011465,0.474492296810518
23,1.3683361753868828,-113.22826064088373,-190.3187218108004,-2013.7776599526421,-0.025679165534794376,3.0514683279128896,0.47607527538493677
24,1.4183972549742077,-112.69152000816462,-188.7609256174128,-2014.7347031120175,-0.024254785401446037,3.0517308516246326,0.47765825395935557
25,1.4684583345615327,-112.1547793754455,-187.20312942402518,-2015.691746271393,-0.022830405268097702,3.051993375336376,0.4792412325337744
26,1.5185194141488578,-111.61803874272637,-185.64533323063756,-2016.6487894307684,-0.021406025134749363,3.0522558990481192,0.4808242111081932
27,1.5685804937361827,-111.08129811000725,-184.08753703724994,-2017.6058325901438,-0.019981645001401024,3.0525184227598627,0.4824071896826119
28,1.6186415733235078,-110.54455747728814,-182.52974084386233,-2018.5628757495192,-0.01855726486805269,3.052780946471606,0.48399016825703073
29,1.6687026529108329,-110.007816844569,-180.9719446504747,-2019.5199189088946,-0.017132884734704347,3.0530434701833493,0.48557314683144953
30,1.7187637324981577,-109.47107621184989,-179.4141484570871,-2020.47696206827,-0.01570850460135601,3.0533059938950924,0.4871561254058683
31,1.7688248120854828,-108.93433557913077,-177.85635226369948,-2021.4340052276455,-0.014284124468007676,3.0535685176068355,0.4887391039802871
32,1.8188858916728075,-108.39759494641164,-176.29855607031186,-2022.3910483870209,-0.012859744334659334,3.053831041318579,0.4903220825547059
33,1.8689469712601325,-107.86085431369253,-174.74075987692424,-2023.3480915463963,-0.011435364201310999,3.054093565030322,0.4919050611291247
34,1.9190080508474574,-107.32411368097341,-173.18296368353663,-2024.3051347057717,-0.010010984067962664,3.0543560887420655,0.49348803970354344
35,1.9690691304347825,-106.78737304825428,-171.62516749014904,-2025.2621778651471,-0.008586603934614322,3.0546186124538086,0.49507101827796224
36,2.0191302100221074,-106.25063241553516,-170.06737129676142,-2026.2192210245225,-0.007162223801265986,3.0548811361655517,0.49665399685238104
37,2.0691912896094324,-105.71389178281603,-168.5095751033738,-2027.176264183898,-0.005737843667917644,3.055143659877295,0.4982369754267998
38,2.1192523691967575,-105.17715115009692,-166.9517789099862,-2028.1333073432734,-0.004313463534569309,3.0554061835890383,0.4998199540012186
39,2.1693134487840826,-104.6404105173778,-165.39398271659857,-2029.0903505026488,-0.0028890834012209737,3.0556687073007818,0.5014029325756374
40,2.2193745283714077,-104.10366988465867,-163.83618652321096,-2030.0473936620242,-0.0014647032678726316,3.055931231012525,0.5029859111500562
41,2.269435607958733,-103.56692925193956,-162.27839032982334,-2031.0044368213996,-4.032313452429631e-05,3.0561937547242684,0.504568889724475
42,2.3194966875460574,-103.03018861922044,-160.72059413643575,-2031.961479980775,0.0013840569988240459,3.0564562784360114,0.5061518682988938
43,2.3695577671333825,-102.49344798650131,-159.16279794304813,-2032.9185231401505,0.002808437132172381,3.0567188021477545,0.5077348468733125
44,2.419618846720707,-101.95670735378219,-157.60500174966052,-2033.8755662995259,0.004232817265520716,3.056981325859498,0.5093178254477313
45,2.4696799263080322,-101.41996672106308,-156.0472055562729,-2034.8326094589013,0.0056571973988690585,3.057243849571241,0.5109008040221501
46,2.5197410058953573,-100.88322608834395,-154.48940936288528,-2035.7896526182767,0.007081577532217394,3.0575063732829846,0.5124837825965689
47,2.5698020854826824,-100.34648545562483,-152.93161316949767,-2036.7466957776521,0.008505957665565729,3.0577688969947276,0.5140667611709877
48,2.6198631650700075,-99.80974482290571,-151.37381697611005,-2037.7037389370275,0.009930337798914071,3.0580314207064707,0.5156497397454065
49,2.6699242446573326,-99.27300419018658,-149.81602078272243,-2038.660782096403,0.011354717932262406,3.0582939444182142,0.5172327183198253
50,2.719985324244657,-98.73626355746747,-148.25822458933482,-2039.6178252557784,0.012779098065610742,3.0585564681299573,0.5188156968942441
51,2.7700464038319823,-98.19952292474835,-146.7004283959472,-2040.5748684151538,0.014203478198959077,3.058818991841701,0.5203986754686628
52,2.8201074834193074,-97.66278229202922,-145.14263220255958,-2041.5319115745292,0.015627858332307426,3.059081515553444,0.5219816540430816
53,2.870168563006632,-97.1260416593101,-143.58483600917197,-2042.4889547339046,0.01705223846565576,3.0593440392651874,0.5235646326175004
54,2.920229642593957,-96.58930102659099,-142.02703981578435,-2043.44599789328,0.018476618599004097,3.0596065629769305,0.5251476111919192
55,2.970290722181282,-96.05256039387186,-140.46924362239673,-2044.4030410526555,0.019900998732352432,3.0598690866886735,0.526730589766338
56,3.0203518017686073,-95.51581976115274,-138.91144742900912,-2045.3600842120309,0.021325378865700767,3.060131610400417,0.5283135683407568
57,3.070412881355932,-94.97907912843363,-137.35365123562153,-2046.3171273714063,0.022749758999049116,3.06039413411216,0.5298965469151755
58,3.120473960943257,-94.4423384957145,-135.7958550422339,-2047.2741705307817,0.02417413913239745,3.0606566578239036,0.5314795254895943
59,3.170535040530582,-93.90559786299538,-134.2380588488463,-2048.2312136901573,0.025598519265745787,3.0609191815356467,0.5330625040640131
60,3.220596120117907,-93.36885723027626,-132.68026265545868,-2049.1882568495325,0.027022899399094122,3.0611817052473898,0.5346454826384319
61,3.2706571997052323,-92.83211659755713,-131.12246646207106,-2050.1453000089077,0.028447279532442457,3.0614442289591333,0.5362284612128507
62,3.3207182792925574,-92.29537596483802,-129.56467026868344,-2051.1023431682834,0.029871659665790792,3.0617067526708763,0.5378114397872695
63,3.370779358879882,-91.7586353321189,-128.00687407529585,-2052.059386327659,0.03129603979913914,3.06196927638262,0.5393944183616883
64,3.420840438467207,-91.22189469939977,-126.44907788190822,-2053.016429487034,0.03272041993248748,3.062231800094363,0.5409773969361071
65,3.470901518054532,-90.68515406668065,-124.8912816885206,-2053.9734726464094,0.03414480006583581,3.062494323806106,0.5425603755105258
66,3.5209625976418573,-90.14841343396154,-123.33348549513299,-2054.930515805785,0.03556918019918415,3.0627568475178495,0.5441433540849446
67,3.5710236772291823,-89.6116728012424,-121.77568930174537,-2055.8875589651607,0.03699356033253248,3.0630193712295926,0.5457263326593634
68,3.6210847568165065,-89.07493216852329,-120.21789310835777,-2056.844602124536,0.03841794046588083,3.063281894941336,0.5473093112337822
69,3.6711458364038316,-88.53819153580417,-118.66009691497015,-2057.801645283911,0.03984232059922917,3.063544418653079,0.548892289808201
70,3.7212069159911567,-88.00145090308504,-117.10230072158254,-2058.7586884432867,0.0412667007325775,3.0638069423648226,0.5504752683826198
71,3.771267995578482,-87.46471027036593,-115.54450452819492,-2059.7157316026623,0.04269108086592584,3.0640694660765657,0.5520582469570386
72,3.821329075165807,-86.92796963764681,-113.9867083348073,-2060.6727747620375,0.04411546099927417,3.064331989788309,0.5536412255314573
73,3.8713901547531315,-86.39122900492768,-112.4289121414197,-2061.6298179214127,0.04553984113262252,3.0645945135000523,0.5552242041058761
74,3.9214512343404566,-85.85448837220856,-110.87111594803208,-2062.5868610807884,0.04696422126597086,3.0648570372117954,0.5568071826802949
75,3.9715123139277817,-85.31774773948945,-109.31331975464447,-2063.543904240164,0.04838860139931919,3.065119560923539,0.5583901612547137
76,4.021573393515107,-84.78100710677032,-107.75552356125685,-2064.500947399539,0.04981298153266753,3.065382084635282,0.5599731398291325
77,4.071634473102431,-84.2442664740512,-106.19772736786923,-2065.4579905589144,0.05123736166601586,3.065644608347025,0.5615561184035514
78,4.121695552689757,-83.70752584133209,-104.63993117448163,-2066.41503371829,0.05266174179936421,3.0659071320587685,0.5631390969779702
79,4.171756632277082,-83.17078520861295,-103.08213498109401,-2067.3720768776657,0.05408612193271255,3.0661696557705116,0.564722075552389
80,4.221817711864407,-82.63404457589384,-101.5243387877064,-2068.329120037041,0.05551050206606088,3.066432179482255,0.5663050541268076
81,4.271878791451732,-82.09730394317472,-99.96654259431878,-2069.286163196416,0.05693488219940922,3.066694703193998,0.5678880327012265
82,4.321939871039056,-81.56056331045559,-98.40874640093116,-2070.2432063557917,0.05835926233275755,3.0669572269057417,0.5694710112756453
83,4.372000950626382,-81.02382267773648,-96.85095020754355,-2071.2002495151673,0.05978364246610589,3.0672197506174848,0.5710539898500641
84,4.422062030213707,-80.48708204501736,-95.29315401415595,-2072.1572926745425,0.06120802259945424,3.067482274329228,0.5726369684244829
85,4.472123109801032,-79.95034141229823,-93.73535782076833,-2073.1143358339177,0.06263240273280257,3.0677447980409713,0.5742199469989017
86,4.522184189388357,-79.41360077957911,-92.17756162738071,-2074.0713789932934,0.06405678286615091,3.0680073217527144,0.5758029255733204
87,4.572245268975682,-78.87686014686,-90.6197654339931,-2075.028422152669,0.06548116299949924,3.068269845464458,0.5773859041477392
88,4.622306348563007,-78.34011951414087,-89.06196924060548,-2075.985465312044,0.06690554313284758,3.068532369176201,0.578968882722158
89,4.672367428150332,-77.80337888142175,-87.50417304721788,-2076.9425084714194,0.06832992326619593,3.068794892887944,0.5805518612965768
90,4.722428507737656,-77.26663824870263,-85.94637685383026,-2077.899551630795,0.06975430339954426,3.0690574165996876,0.5821348398709956
91,4.772489587324981,-76.7298976159835,-84.38858066044264,-2078.8565947901707,0.0711786835328926,3.0693199403114306,0.5837178184454144
92,4.822550666912306,-76.19315698326439,-82.83078446705503,-2079.813637949546,0.07260306366624093,3.069582464023174,0.5853007970198332
93,4.872611746499631,-75.65641635054527,-81.27298827366741,-2080.770681108921,0.07402744379958927,3.069844987734917,0.586883775594252
94,4.9226728260869566,-75.11967571782614,-79.71519208027979,-2081.7277242682967,0.0754518239329376,3.0701075114466607,0.5884667541686708
95,4.972733905674281,-74.58293508510702,-78.15739588689217,-2082.6847674276723,0.07687620406628594,3.070370035158404,0.5900497327430895
96,5.022794985261607,-74.04619445238791,-76.59959969350456,-2083.6418105870475,0.07830058419963427,3.070632558870147,0.5916327113175083
97,5.072856064848931,-73.50945381966878,-75.04180350011697,-2084.5988537464227,0.07972496433298264,3.0708950825818904,0.5932156898919271
98,5.122917144436256,-72.97271318694966,-73.48400730672935,-2085.5558969057984,0.08114934446633097,3.0711576062936334,0.5947986684663459
99,5.1729782240235815,-72.43597255423055,-71.92621111334174,-2086.512940065174,0.08257372459967931,3.071420130005377,0.5963816470407647
100,5.223039303610906,-71.89923192151142,-70.36841491995412,-2087.469983224549,0.08399810473302764,3.07168265371712,0.5979646256151835
101,5.273100383198232,-71.3624912887923,-68.8106187265665,-2088.4270263839244,0.08542248486637598,3.071945177428863,0.5995476041896022
102,5.323161462785556,-70.82575065607318,-67.25282253317889,-2089.3840695433,0.08684686499972431,3.0722077011406066,0.601130582764021
103,5.373222542372881,-70.28901002335405,-65.69502633979127,-2090.3411127026757,0.08827124513307265,3.0724702248523497,0.6027135613384398
104,5.4232836219602065,-69.75226939063494,-64.13723014640365,-2091.298155862051,0.08969562526642098,3.072732748564093,0.6042965399128586
105,5.473344701547531,-69.21552875791582,-62.579433953016036,-2092.255199021426,0.09112000539976932,3.0729952722758362,0.6058795184872774
106,5.523405781134857,-68.67878812519669,-61.02163775962842,-2093.2122421808017,0.09254438553311765,3.0732577959875798,0.6074624970616962
107,5.573466860722181,-68.14204749247757,-59.4638415662408,-2094.1692853401773,0.09396876566646599,3.073520319699323,0.609045475636115
108,5.623527940309507,-67.60530685975846,-57.906045372853214,-2095.1263284995525,0.09539314579981435,3.073782843411066,0.6106284542105338
109,5.673589019896831,-67.06856622703933,-56.3482491794656,-2096.0833716589277,0.09681752593316269,3.0740453671228094,0.6122114327849526
110,5.723650099484156,-66.53182559432021,-54.79045298607798,-2097.0404148183034,0.09824190606651102,3.0743078908345525,0.6137944113593713
111,5.773711179071481,-65.9950849616011,-53.23265679269036,-2097.997457977679,0.09966628619985936,3.074570414546296,0.6153773899337901
112,5.823772258658805,-65.45834432888196,-51.67486059930275,-2098.954501137054,0.1010906663332077,3.074832938258039,0.6169603685082089
113,5.873833338246131,-71.29108458469358,-59.16934686033463,-2084.514813595348,-0.08822864186379867,-3.0673151858226353,-0.6556852914813615
114,5.973955497420781,-80.75943315920011,-77.4814556445651,-2049.7754793263416,-0.07007040829702636,-3.035264660860509,-0.7263078575186902
115,6.074077656595431,-86.24008536844342,-97.93908115173323,-2009.6129587644853,-0.07200293884644542,-3.008105808596594,-0.7968322166716962
116,6.124138736182756,-87.55659413264117,-108.39738747002858,-1987.4503830256128,-0.07708409377399024,-2.9950802837664696,-0.8412342612111555
117,6.224260895357406,-87.72716445963519,-129.62730303280125,-1940.2701231746216,-0.08551717983218925,-2.9633859066040755,-0.9336511688615888
118,6.324383054532056,-87.63453215910732,-150.8706948280819,-1893.7807171974077,-0.08288803866434669,-2.9333171594380554,-1.025355478490822
119,6.374444134119381,-88.01791200408988,-161.62694357393153,-1871.5694963322917,-0.07906367802119013,-2.9240637494035835,-1.0760804563593336
120,6.474566293294031,-89.6230303583016,-183.27305212916113,-1828.2503038389527,-0.06218311011440283,-2.8980504923781116,-1.1958623748552173
121,6.574688452468681,-90.65673467449625,-205.0227458862629,-1786.2505302936872,0.040478076440076734,2.835759479195994,1.3361429182581215
122,6.624749532056006,-90.26935155009505,-216.8988005452588,-1765.055700622502,0.04696831085494239,2.794778951300809,1.4059928373574775
123,6.724871691230656,-87.05524907969746,-240.21350938180504,-1723.5940128407478,0.06655352405546205,2.715276219805271,1.5228997078737414
124,6.824993850405306,-82.3019051011909,-259.47134007576767,-1681.8777953507456,0.09359447202160158,2.6441585629508957,1.6326217277908575
125,6.875054929992631,-80.15389031649195,-267.4561796621476,-1660.5407574369165,0.10034818427408293,2.6099288735465107,1.682371403264203
126,6.975177089167281,-77.7511863486703,-279.22446699804266,-1616.9123991549536,0.09745991263605014,2.5458390139585054,1.7635946071155228
127,7.075299248341931,-76.78346584578983,-283.52366718039144,-1572.1509023036017,0.0866729904287851,2.4856267936383065,1.8234835530587283
128,7.125360327929256,-76.79610607047931,-283.36134423743755,-1549.7842998896622,0.07272985215039146,2.456527792394014,1.840788895774225
129,7.225482487103905,-77.1644461582083,-277.2074966402337,-1507.039986808311,0.03391148125338407,2.390781655650346,1.8648283676759443
130,7.325604646278555,-76.72841850806766,-264.22314739942703,-1469.859375205537,0.007243710390804712,2.3537932755073943,1.8809743549437932
131,7.37566572586588,-75.90380437996463,-255.6660012297848,-1454.2340300693577,-0.007576420634021909,2.343959087465145,1.8875834024918317
132,7.47578788504053,-73.04980312643355,-236.42235782541982,-1430.2291272396108,-0.04525095356401737,2.316883213534865,1.8937855590564603
133,7.57591004421518,-69.03932486932835,-215.64284697478888,-1415.951365661596,-0.09040003312910937,2.2951017343795557,1.883185313668454
134,7.625971123802505,-66.8992250666417,-204.84329984495548,-1411.6841377537953,-0.11094168317030886,2.2857514650850703,1.8792883405803102
135,7.726093282977155,-62.904930200483776,-183.38207502627753,-1407.781475673542,-0.1548317679850016,2.2544674739664368,1.8735447073567002
136,7.826215442151805,-59.17341736454988,-163.17536877992524,-1408.0458004053567,-0.19605806013740423,2.2100750363327784,1.870382022962896
137,7.87627652173913,-57.212001473322985,-153.97411325011635,-1408.948434568037,-0.21244404646162093,2.1924700679755524,1.86938495310744
138,7.97639868091378,-53.78508105717103,-138.06922038374847,-1411.3153362140497,-0.23848722098702113,2.1589057475170654,1.8767999242106037
139,8.07652084008843,-51.8689640704069,-126.14138123237716,-1414.5490266071838,-0.27434741064937707,2.118306232438061,1.8722829704459438
140,8.126581919675756,-51.27778103033293,-121.36914827987347,-1416.3617098581033,-0.29935338971232617,2.09604128813552,1.8631118207695312
141,8.226704078850405,-49.946699799587705,-113.49850677436513,-1420.1523511681744,-0.3384428491321025,2.057332791787439,1.8406176476685892
142,8.326826238025054,-48.303149143615585,-107.65492256559772,-1423.005786022784,-0.3695223638294742,2.02446243197318,1.825214100658325
143,8.37688731761238,-47.443468676628854,-105.40148650660012,-1424.18058571166,-0.3809919925696289,2.009791227134745,1.81903417260802
144,8.47700947678703,-45.41460792094911,-102.03753774682286,-1426.652163243711,-0.4099925183809725,1.9785899160463825,1.798819885172292
145,8.57713163596168,-42.55758011205846,-99.41759083081907,-1428.924579238684,-0.4348472619870031,1.9462485232929159,1.7766641249728328
146,8.627192715549006,-41.048848032223674,-98.36725194506417,-1429.9100985033795,-0.4435400031479477,1.9334058716963611,1.7671821573670021
147,8.727314874723655,-39.56342457708125,-96.81550228510532,-1432.2468183556116,-0.4678592536631641,1.9079290464532463,1.7477868350715025
148,8.827437033898306,-39.4389887693667,-95.66970734126173,-1434.5626756258034,-0.4954064904053787,1.8791261980678087,1.7265759891589596
149,8.87749811348563,-39.59733858303045,-95.30528442812766,-1435.1772489910188,-0.5071544773340187,1.8661023871405593,1.718979393515926
150,8.97762027266028,-40.51594101603541,-94.907767480226,-1435.764641091975,-0.5343392618763552,1.8371354609951458,1.7067472699303854
151,9.077742431834931,-41.68636254650403,-95.05680857920096,-1436.6705138130258,-0.5645837212703025,1.8085096500163762,1.6945580589754363
152,9.127803511422256,-41.93214426938923,-95.41239322328644,-1437.1206809965277,-0.5782031850363978,1.7983854816234985,1.689188742749092
153,9.227925670596905,-41.43460516228521,-96.60714475106127,-1437.6821283977424,-0.5988931046838514,1.7851719633454368,1.6855274794332014
154,9.328047829771554,-39.702622211459584,-97.7729812214107,-1438.436409549603,-0.6096498060831267,1.7707518992425324,1.6765904990502418
155,9.378108909358879,-38.88627602617072,-98.42182659929969,-1439.0725425253756,-0.6167717946490422,1.7613534214515938,1.6709108088124127
156,9.47823106853353,-38.395758987843465,-99.37854155653862,-1441.8025985842582,-0.6351276305446736,1.7401947619263627,1.6545488134231607
157,9.57835322770818,-39.442497310769284,-100.02280184386042,-1444.1848122694366,-0.655417130675699,1.7243184907301408,1.6432842909914485
158,9.628414307295504,-40.07474927797648,-100.07746688202747,-1445.284649862788,-0.6630823159765308,1.7166845733463831,1.6393918356565147
159,9.728536466470155,-40.79239151583738,-99.6749496467764,-1447.2342643148509,-0.6775842501020347,1.7035409594729136,1.6305693542554693
160,9.828658625644804,-40.480737801130175,-99.16428433348916,-1448.9417881009908,-0.6905839092683247,1.6885817812755666,1.6217351264861377
161,9.878719705232129,-40.31500269737245,-99.02735463376949,-1450.0287982995974,-0.6948558590823407,1.6834607512739845,1.618966810874843
162,9.97884186440678,-39.52969343044532,-98.77357528019968,-1451.703968930558,-0.7041542272531918,1.6754172475438167,1.6117372193472093
163,10.07896402358143,-38.89092220998063,-98.6620267491731,-1452.4096583099836,-0.7085377307700275,1.6659786032946478,1.6082353790835422
164,10.129025103168754,-38.915971080212074,-98.82639916592515,-1452.358256877142,-0.7110223622272444,1.660815442414643,1.6074252862213265
165,10.229147262343405,-39.52254289898045,-99.2852646905651,-1452.4267193804822,-0.7170144861277146,1.6518554647511126,1.6040907189341396
166,10.329269421518054,-40.10488979071033,-100.00597742744469,-1452.5911235255744,-0.7264234603809869,1.6367559177464444,1.5971775430920712
167,10.379330501105379,-40.67557120627876,-100.58440200961455,-1452.8569583535475,-0.7321431977292878,1.6338803333291283,1.5958004743093703
168,10.47945266028003,-41.71936834124085,-101.49677261006175,-1452.8891945612345,-0.7436548194438053,1.621573489419839,1.5935957014900421
169,10.57957481945468,-42.85920518942501,-102.68476772775142,-1453.6748406950492,-0.7583829076917349,1.6110396890363547,1.5909136338406602
170,10.629635899042004,-43.32484970396155,-103.30050777781375,-1454.0111269958943,-0.7653829890788747,1.6060742805226746,1.5903224586327958
171,10.729758058216655,-43.6982855450002,-103.9588373962555,-1454.5842449150728,-0.7766697340370947,1.5956158761485206,1.5884079436156937
172,10.829880217391304,-43.49079380411729,-104.10913138512832,-1455.2992319487012,-0.7835321799585216,1.5929970190736904,1.5836347734346168
173,10.879941296978629,-43.605804740668646,-104.19656755360174,-1455.9783516751056,-0.7878926526632859,1.5898432764476678,1.5802779890050822
174,10.98006345615328,-44.474266249158376,-104.57110806528671,-1456.8950325670785,-0.7979581846268907,1.5797259227090474,1.5750023688194876
175,11.08018561532793,-45.7798944122531,-105.15553195279705,-1457.0901188004425,-0.8080181708498173,1.5650896507284757,1.5682772012310442
176,11.130246694915254,-46.385706705672334,-105.44273335920263,-1457.1391598216292,-0.8111636961978496,1.561436181112093,1.5665617616236913
177,11.230368854089905,-47.17087579391949,-105.67882466578939,-1457.489300789101,-0.8170191167900495,1.551565727818181,1.5602954429284615
178,11.330491013264554,-48.166801786964726,-106.00787271061589,-1458.5689273434773,-0.8287101883672752,1.5406040779250036,1.5511989660697412
179,11.380552092851879,-48.56609530919786,-106.09481398363351,-1458.9713553012546,-0.8345836359694416,1.5356754670864838,1.5481640195383977
180,11.480674252026528,-49.32671542310436,-106.32180209592345,-1459.9566398580507,-0.8420994235737034,1.5263168301004144,1.5429012247286367
181,11.58079641120118,-49.754465211930636,-106.66064173573407,-1460.7195831087931,-0.8497838141574859,1.515504426991973,1.5356705783254099
182,11.630857490788504,-49.729437131094954,-106.51030220602189,-1461.0556305196035,-0.8516038011114855,1.5117520362579846,1.5320193479871325
183,11.730979649963155,-49.481558546779524,-106.44992440878251,-1462.100726821369,-0.8570569558341696,1.5053806828255205,1.5229954397041365
184,11.831101809137804,-49.250898514365105,-106.8139553344035,-1462.9669610596384,-0.8634971837742476,1.5008311362118083,1.5159240155019313
185,11.881162888725129,-49.32258484672073,-106.97332988666602,-1463.291428388162,-0.8647667515773071,1.4979292508524482,1.5161252614377978
186,11.981285047899778,-49.77181530473342,-107.32248258215282,-1464.20711837163,-0.8711667635431729,1.4947634723355046,1.5129174699367711
187,12.08140720707443,-50.44044217334434,-107.67269571501606,-1464.79606192336,-0.8776183572663824,1.4926451446223388,1.5145858219902943
188,12.131468286661756,-50.563582768333475,-107.98788735000448,-1465.053709159367,-0.883014203005206,1.488221781349961,1.5127313462623726
189,12.231590445836405,-51.055655881340016,-109.35791900661378,-1466.1933849677023,-0.8937256882507435,1.4847079733833923,1.5121384720741924
190,12.331712605011054,-51.232382432567704,-110.39849241092966,-1467.126994910382,-0.9027701690255047,1.4802250193301383,1.5120878455289664
191,12.381773684598379,-51.4345291439256,-110.65846551873997,-1467.361845200125,-0.9067559323724047,1.474647595723848,1.5146395331357982
192,12.481895843773028,-51.7804660982176,-111.17861483258704,-1468.1350026216217,-0.9159601114666178,1.4693647696034766,1.5199542284186691
193,12.58201800294768,-51.859361704178156,-111.20865968609581,-1469.1436801402913,-0.922807248173334,1.4618479834612068,1.523948568562463
194,12.632079082535002,-51.85675568774511,-111.41443984846691,-1469.6172604539681,-0.9289130647698236,1.457715804409945,1.5228485709042092
195,12.732201241709653,-51.96128906849387,-111.6538443676566,-1470.6523299223234,-0.9370205237379117,1.451577469712588,1.5268676431988863
196,12.832323400884302,-51.431268966982515,-112.1508957768765,-1471.6787693551257,-0.9449892372378034,1.4468070000885056,1.5311719443261387
197,12.882384480471629,-50.65452133719489,-112.17227497493451,-1471.7865561609476,-0.9466799487675625,1.4415934068323644,1.5315584605146317
198,12.982506639646278,-48.99506523575067,-112.71807083025294,-1472.3256087781701,-0.947588810977862,1.4391328615607861,1.5384048109231032
199,13.082628798820929,-47.65323282310385,-113.62972490774013,-1472.3986122629622,-0.9477986256492361,1.4304694505503597,1.543224622305932
200,13.132689878408252,-47.46166964764788,-114.22991103848213,-1472.5020136673597,-0.94845844737345,1.4252709420221858,1.5434730449927596
201,13.232812037582903,-48.02710238580377,-114.87560918073369,-1473.4050438887766,-0.9540375117306646,1.4201818498028047,1.539003575981249
202,13.332934196757552,-49.54774138247109,-114.85349864515112,-1474.696071875662,-0.9651968265904689,1.4082800794453236,1.5281313297493337
203,13.382995276344879,-50.63886335479407,-114.86996071066096,-1475.5912349035907,-0.9724987416077566,1.3985033593507747,1.5244426565991571
204,13.483117435519528,-52.3628755608394,-115.27066947633301,-1477.3910634019458,-0.988708718826594,1.3871791366185675,1.5119261128024792
205,13.583239594694179,-52.751312643385575,-115.31384619756372,-1478.5889265740825,-0.998506304010961,1.377928771349749,1.5020901155037756
206,13.633300674281502,-52.568713078620306,-115.4471773607074,-1478.8856237948207,-1.0020770357564748,1.3742573624627625,1.4995835296642255
207,13.733422833456153,-51.804002659382405,-115.72936507622632,-1479.0555236241369,-1.0033997308372224,1.366746005786746,1.4969226249640533
208,13.833544992630802,-51.21663297972685,-116.23792359271992,-1478.578213756666,-1.0024335315688662,1.3647821756850842,1.5016932518592319
209,13.883606072218129,-50.86725377053264,-116.3519312885001,-1478.3253533119496,-1.0020795184913898,1.3591307594957946,1.5001788641871427
210,13.98372823139278,-50.74774816935812,-117.04158307936976,-1478.002191793528,-1.0055459141917364,1.3506531067077119,1.5009078365295683
211,14.083850390567429,-51.07890778279153,-117.64999720264348,-1477.782087573279,-1.0080408545080712,1.3458931716256932,1.5023620424479394
212,14.133911470154752,-51.15894235907393,-117.7782738732501,-1477.840613350814,-1.0088525412346434,1.3432422754084226,1.5011564924585994
213,14.234033629329403,-51.72640109190263,-118.24262482183619,-1477.6722925200959,-1.0128620850846934,1.3374623772936307,1.503220675072928
214,14.334155788504052,-52.77201542202857,-118.62855696702886,-1477.5584585769484,-1.0181953547733509,1.3275370528822559,1.5019536155324646
215,14.384216868091379,-53.456344467218344,-118.8756715327139,-1477.5772668977872,-1.0220269960674786,1.323708720644814,1.500965775618535
216,14.484339027266026,-54.380330823613434,-119.33130639903901,-1478.3076743880429,-1.0315577316070121,1.318360123613257,1.4945022515245021
217,14.584461186440677,-54.857711181370945,-119.53720461088355,-1478.7005755284906,-1.0389048407368349,1.3129658112634586,1.4889360509541552
218,14.634522266028004,-55.10597464845583,-119.78161585929192,-1478.7600786076505,-1.040556825797444,1.3103645753504691,1.4908511107316447
219,14.734644425202653,-55.225732352953315,-120.3849304954762,-1478.4989091077098,-1.043469311459295,1.304738823438467,1.4885651662077917
220,14.834766584377302,-55.066519451349365,-120.53720457555629,-1478.4041758493029,-1.0457024828840578,1.3041005788115239,1.4851647606397826
221,14.884827663964627,-55.19305994460285,-120.50695357234898,-1478.4001316977458,-1.046892775853631,1.301570314551995,1.48516424464009
222,14.984949823139276,-55.757994821065296,-121.1231601745866,-1479.0624109578814,-1.0532558497237605,1.294161405874749,1.4823082648073491
223,15.085071982313927,-56.15745947331317,-121.3550603916211,-1480.427953188178,-1.0597920196070452,1.287408831333885,1.4758520164711832
224,15.135133061901254,-56.167738838990545,-121.42529921028364,-1481.4088759725018,-1.0645264435807185,1.2858774820411352,1.4691542854408102
225,15.235255221075903,-55.92998311855746,-121.84327028015502,-1483.0217676600053,-1.0714462195565457,1.2824746671644986,1.46110290294701
226,15.335377380250552,-55.951516054355096,-122.26554071592588,-1484.2321581567749,-1.0774211592594682,1.273996827044763,1.4557475027219737
227,15.385438459837877,-56.02503829875414,-122.29662087936026,-1484.7055092885157,-1.0787519836333535,1.2705751615277174,1.4527327383722353
228,15.485560619012526,-56.0816294897904,-122.5390782701858,-1485.7594225932464,-1.0831854718458642,1.2696813446339406,1.44942793961332
229,15.585682778187177,-55.92641695484522,-122.71081608276728,-1486.5549673419744,-1.08587454754083,1.263904580886758,1.4441046847160237
230,15.635743857774504,-55.89199472172251,-122.95244923409575,-1486.8435608751731,-1.0879713228139745,1.263477457945312,1.4417351246052206
231,15.735866016949153,-55.48603381922371,-122.9788134941857,-1487.074773417139,-1.0865956948720337,1.2620040869341211,1.4383040203883817
232,15.835988176123804,-54.82951882543193,-122.82390361026043,-1487.3040859786643,-1.0838788977376659,1.262210746374154,1.4361000192793008
233,15.886049255711127,-54.53425775632209,-122.62586832303793,-1487.5062699777195,-1.0836976111220706,1.2619271844361548,1.4333579998207422
234,15.986171414885776,-54.100610729066915,-122.15107538274503,-1488.257987624708,-1.0831098781928579,1.2614248566903454,1.4305402354906829
235,16.086293574060427,-53.675605153745806,-121.75482349077276,-1488.9437475091318,-1.083936887949973,1.260351389794328,1.4287545823284624
236,16.136354653647754,-53.57289740771017,-121.99277284853093,-1489.29895909129,-1.0851559419947487,1.2613490123392375,1.4287017813169627
237,16.236476812822403,-53.00136540284754,-121.86873152470966,-1489.0911478171417,-1.0818022050595135,1.2631566521154993,1.4299737181681607
238,16.336598971997052,-52.83404419476702,-121.35752288497784,-1488.0821896033096,-1.0747143064717632,1.2709785669385785,1.4352610277856335
239,16.38666005158438,-53.40922323294649,-121.31882647865582,-1487.3495730937389,-1.0701616417210524,1.2793846006618594,1.4420084666793238
240,16.486782210759028,-54.90270886295286,-121.0528359974837,-1485.3127015972661,-1.0572396610873107,1.3112443523170585,1.4581022976218867
241,16.586904369933677,-56.05479069239499,-120.1350568541404,-1481.4054639754518,-1.0293335143384306,1.374715395405103,1.4881313839559074
242,16.636965449521,-56.26364705126463,-119.10958773339749,-1478.5053007279157,-1.0068573298444183,1.4161826822835564,1.5096672755947191
243,16.73708760869565,-55.98350808150289,-116.50534162060102,-1471.7580047092554,-0.9520699298747817,1.4927429699635362,1.5543535039704688
244,16.837209767870302,-56.278620413917565,-115.17830456535411,-1466.3346841612718,-0.9057032986550003,1.5699360809643053,1.5952840277897096
245,16.88727084745763,-56.82090810520313,-114.68371847054141,-1464.9010696530754,-0.8884508072383013,1.6114490557065457,1.6109261368355965
246,16.987393006632278,-59.4417745262779,-113.86388284823846,-1462.5510525405582,-0.8501043187840929,1.681973296357236,1.6393412310358417
247,17.087515165806927,-65.66581157762604,-113.55086585587883,-1458.6599382290078,-0.793997788190861,1.7520709919871298,1.6777345582012875
248,17.13757624539425,-70.1087031618772,-114.15692639622027,-1456.253314644533,-0.7560628047214158,1.7995580672927536,1.7055612317200983
249,17.2376984045689,-77.42051804855545,-117.7877755790965,-1449.7304421902124,-0.645590508933783,1.9275400543566745,1.7792491247772202
250,17.337820563743552,-80.03235307934119,-123.22447836319105,-1442.9122109983905,-0.49725374339410167,2.0400298007089335,1.8561657584935949
251,17.38788164333088,-80.11448739951578,-127.73870208219756,-1440.6308304233326,-0.42929768856006556,2.0755756028023367,1.8828324320514707
252,17.488003802505528,-80.22228235937642,-140.54972252648247,-1439.8474010553214,-0.32546081913827074,2.1136323446116667,1.9087188533994328
253,17.588125961680177,-82.39378000496328,-157.45401368122953,-1441.9651976791922,-0.24896108836215133,2.143634033002488,1.9237755804251049
254,17.6381870412675,-83.61941597252536,-167.2223446086119,-1443.579363110022,-0.21332991870220686,2.166962998559335,1.9298861834261998
255,17.738309200442153,-84.09964226265127,-187.5247580075611,-1447.4658918622385,-0.13591863053854256,2.1960712742325796,1.9453603506672137
256,17.838431359616802,-80.62170217124124,-208.61632543354898,-1452.500169481632,-0.07852741236350463,2.2100715471941696,1.9461307839541269
257,17.88849243920413,-77.58552063417915,-218.64007353139073,-1454.9889975497956,-0.049821072087243026,2.218384104754162,1.9479010808476445
258,17.988614598378778,-68.6660274866249,-236.20455597587843,-1460.0374318512122,0.0018810452723784302,2.247151353832836,1.947699838759524
259,18.088736757553427,-58.104323045197525,-249.88342042349967,-1465.3033092641874,0.06489727486009791,2.3144209585672746,1.9614235005168728
260,18.13879783714075,-51.98122814045212,-255.73155394264026,-1467.5261917391758,0.0939900768987462,2.3444170613764435,1.9660013310544893
261,18.238919996315403,-41.144563217390406,-264.9527010214252,-1470.8417233319915,0.09947694865694415,2.3368493432103725,1.9506445921079303
262,18.339042155490052,-31.35084713703509,-270.4474120263907,-1473.3425292449613,0.09758893154583959,2.337664461507416,1.9309419579829077
263,18.38910323507738,-26.601779018483107,-272.99425485664227,-1473.5139903919608,0.1071993719920652,2.3463842913908186,1.9356510237401094
264,18.489225394252028,-19.158769319479326,-277.7989318079331,-1472.372007208191,0.11930322524833656,2.3539103050240118,1.952827707756037
265,18.589347553426673,-18.060281471004117,-280.33568609276244,-1471.7808081871021,0.10258459776020055,2.368496890118042,1.9465832166347843
266,18.639408633014,-16.646863610419246,-280.9613425186808,-1472.3582264466313,0.09263487777001078,2.3781146074273796,1.9347269639592757
267,18.739530792188653,-13.75025562609612,-284.503445678034,-1471.1625816835917,0.08765585176891239,2.3928563360781827,1.9354054159627063
268,18.839652951363302,-9.329165055592,-287.9188939087732,-1465.787435252836,0.10483419527678203,2.4201845098789296,1.9705593460580673
269,18.889714030950625,-8.185107793486466,-289.88521747270255,-1464.8808876157698,0.09817807460948036,2.4254641096922023,1.9655019207696551
270,18.989836190125274,-6.9016847680770965,-291.55789879642344,-1466.2826698089925,0.0833476363096598,2.437084589120498,1.9487046502267065
271,19.089958349299923,-6.604720430546756,-291.3882602681935,-1464.9305280710896,0.08102023094294575,2.4480057740782244,1.9446746387023965
272,19.14001942888725,-6.883826039370483,-291.5058318400562,-1464.9638900575637,0.07490703713944923,2.4468675578524213,1.9320309024424995
273,19.240141588061903,-6.466000562180945,-291.3357948236529,-1465.2805972810327,0.08389636820654627,2.4575529246033256,1.9273697205287055
274,19.340263747236552,-6.252560498721724,-290.4254810863966,-1465.243901163389,0.09347623361641662,2.4614701286758724,1.9338030109990847
275,19.390324826823875,-6.670915123467573,-289.8297325224621,-1465.5392957416632,0.09970045916847012,2.462190046955682,1.9345623560289884
276,19.490446985998524,-6.477177762639368,-290.40132283174495,-1464.5949953859201,0.10882226002668523,2.4612862851995136,1.9305721229371253
277,19.590569145173177,-5.772104804514253,-291.9408591755801,-1462.7533687594828,0.11745515375913472,2.4546330715433777,1.9293321185301884
278,19.6406302247605,-5.817605396887366,-291.87694361984825,-1462.4291338293745,0.1205385907182532,2.450414151409127,1.9210919239877295
279,19.740752383935153,-5.939573582150089,-291.34554422231116,-1463.55571267503,0.12090333268081518,2.444177532447289,1.8936390549536823
280,19.840874543109802,-5.060424671410715,-292.0245002111741,-1463.0582951208694,0.12412563446620474,2.4332794433838343,1.8762321271812976
281,19.890935622697125,-4.651504555553643,-292.4959628914807,-1463.5110279582354,0.12661748139169857,2.44164847368713,1.8687848549520252
282,19.991057781871774,-4.90780239604306,-293.2479599755522,-1464.7244377137954,0.12857574477013994,2.451277666592661,1.8490159354038413
283,20.091179941046427,-6.438208419207484,-293.42332827181855,-1466.0043383743332,0.13000829663148125,2.4695639128310867,1.8337902841546914
284,20.141241020633753,-7.286563270805161,-293.4533238165754,-1467.9105742328766,0.12682136225032548,2.479180609380662,1.8138402241502383
285,20.241363179808403,-7.72416019059181,-294.64606076997836,-1469.2258354366718,0.12780297239072777,2.4940639256554005,1.786939173917947
286,20.341485338983052,-8.000041191499484,-296.2793822797795,-1469.8725645007835,0.12245704698123136,2.500954808943129,1.7598114466057637
287,20.391546418570375,-8.285601401384994,-296.7686226093296,-1470.2115747279738,0.1261724333110444,2.5097850891184317,1.75311994908263
288,20.491668577745024,-8.481076943486165,-297.31654942565837,-1470.9095024938804,0.13012101713139018,2.516362681054961,1.7416489702780817
289,20.591790736919677,-8.801664999329248,-297.6038892699167,-1471.5242674995543,0.13672827492743916,2.5232885618419303,1.7359056767160415
290,20.641851816507,-8.872430637207394,-297.96091585424267,-1471.872014223521,0.13841286128369382,2.526251940113672,1.7292935151238025
291,20.74197397568165,-9.160065228215295,-298.72405284033397,-1471.791558413468,0.14447673674303033,2.5306015402833024,1.722283549880599
292,20.8420961348563,-9.769929662344282,-299.79059336494043,-1472.524711303835,0.1502941789019358,2.538946785837255,1.7139470124074678
293,20.892157214443625,-9.949078936468503,-300.55257678827513,-1472.9823532010573,0.15332722383338226,2.542964962336126,1.7087508142481256
294,20.992279373618274,-9.953760594582363,-301.41609536934817,-1473.2004105775125,0.1536357952305942,2.541936605553304,1.6988152543342971
295,21.092401532792927,-10.464496348488424,-301.6262458758777,-1473.417761088348,0.15885975563412827,2.5468074601845365,1.697302185828566
296,21.14246261238025,-10.69313055763962,-301.5994630074183,-1473.624468050516,0.16214945396343383,2.548127299460543,1.6973894472422728
297,21.2425847715549,-10.801875766302423,-301.6735576792509,-1473.7659493632327,0.16464039201948827,2.546744422379384,1.6977562909824802
298,21.34270693072955,-11.03254919645984,-301.8944683548154,-1473.5697805634165,0.16665338641553298,2.5479824265057585,1.6929196261823052
299,21.392768010316875,-11.167223796386203,-301.86057165242784,-1473.3559885109248,0.16809050121217553,2.5492420148233697,1.6913340181956393
300,21.492890169491524,-11.299229417208856,-301.7384000923188,-1473.159212772803,0.16702975501339976,2.546409710500989,1.6860881867359172
301,21.593012328666177,-11.588535585842187,-301.6224344941558,-1473.0217932294474,0.1696399242218173,2.5483732481397032,1.6834716497019302
302,21.6430734082535,-11.717741707325416,-301.62519485379335,-1472.9165664546765,0.17121644897852697,2.548665707031454,1.6817875850261217
303,21.74319556742815,-11.816493603405412,-302.01078810777585,-1472.5364686969124,0.16902999553399226,2.5475790524939415,1.673449642165931
304,21.8433177266028,-12.323000859433307,-302.50865301022446,-1472.221004483175,0.17203179795246637,2.553107651380695,1.6666880099030188
305,21.893378806190125,-12.8112642438387,-302.6216995279456,-1472.2321016361132,0.17280753865213144,2.554152152652107,1.6620377505479158
306,21.993500965364777,-13.164481350932675,-302.5632140820352,-1471.7231355386855,0.17447317147161373,2.554138876361586,1.6558504190185066
307,22.093623124539427,-13.732820944512817,-302.1913693544151,-1471.5873456921279,0.17752637329378448,2.5539160559167335,1.6504230066181536
308,22.14368420412675,-13.914905294451643,-302.30981890867815,-1471.4191372147304,0.181033996427567,2.558235921057771,1.6480603827218403
309,22.2438063633014,-14.4414976335473,-302.54955693250366,-1470.9937435385034,0.1868410910010045,2.5661616430620797,1.6429801214042175
310,22.343928522476048,-15.46963088724668,-302.78924248991046,-1470.1772767924872,0.19105510698820943,2.5761962379485253,1.6342797735563654
311,22.393989602063375,-15.907041235818092,-302.7883649799722,-1469.3895653556447,0.1965719172825084,2.5824981254710644,1.6305047769417995
312,22.494111761238027,-16.506392889334684,-302.74223434496105,-1467.462506459707,0.2044517143982736,2.592166699526402,1.6216045217156239
313,22.594233920412677,-17.133971799841255,-303.47750836549005,-1465.8683106773183,0.21374506165057972,2.605550446497869,1.6071524624130729
314,22.644295,-17.356888875592627,-303.99870530983264,-1464.910659725017,0.22070815078094538,2.6137735292699587,1.6002925696913555
