,Time,x,y,z,qx,qy,qz,qw
0,0.016675522629310345,-17.057998090238826,-505.19359211458,-1696.307480136987,-0.20505772383231846,0.6941282729225182,0.1639029130762803,0.6702790906677425
1,0.06670209051724138,-17.00659456691423,-505.12446654489753,-1696.0784138819192,-0.20495343546144618,0.6936879536491655,0.1642290629573743,0.6706861614307597
2,0.11672865840517242,-16.955191043589636,-505.0553409752151,-1695.8493476268516,-0.2048491470905739,0.6932476343758127,0.1645552128384683,0.6710932321937768
3,0.2167817941810345,-17.032199563769126,-505.1385789271303,-1696.04603628787,-0.20421143232840133,0.6930353901490739,0.16505928470627743,0.6713829543856142
4,0.31683492995689655,-16.99925975335779,-505.00430377314234,-1696.6993926043576,-0.20427069006868917,0.6924288150168111,0.16521843313235,0.6719514049889082
5,0.3668614978448276,-16.952649479788207,-504.8958186815026,-1697.095671389668,-0.2039935738502762,0.6925253045347507,0.16538211150276286,0.6718958859836326
6,0.4669146336206897,-16.761481571777253,-504.7105812089721,-1697.790699734727,-0.2030683941471599,0.6925421968135027,0.16620825304756523,0.6719548716618534
7,0.5669677693965517,-16.966392805499183,-504.54934113826795,-1698.4965595139518,-0.2022921666410967,0.6930236844971865,0.16718186094038986,0.6714508749075416
8,0.6169943372844828,-17.138487369612506,-504.2386582735876,-1698.5933793411816,-0.20171313370522576,0.6935904918803245,0.16737663182901333,0.6709911358442838
9,0.7170474730603449,-17.963840453220485,-503.01752052013927,-1698.0851247521168,-0.20149695550654573,0.6930687959598683,0.16936107335276016,0.6710971969999076
10,0.8171006088362069,-19.26215675366899,-501.4568792120093,-1696.242189713444,-0.19993703177246577,0.6940435688246086,0.17082483481982705,0.6701847384923023
11,0.867127176724138,-21.221760897219028,-499.34997002050034,-1692.7594377634553,-0.1956953068101965,0.6970624103421185,0.17668102518935747,0.6667766929928916
12,0.9671803125,-29.77924003379411,-491.00957569375487,-1675.8591528305285,-0.18658448264894803,0.6950271708699012,0.19367134334350114,0.6667944760979423
13,1.067233448275862,-42.12063415401775,-479.1343931639135,-1649.1556692913189,-0.18286066568822396,0.6837917719321343,0.20703744856657974,0.6753712197547452
14,1.1172600161637931,-48.199221976483244,-472.02254514046416,-1633.8461745893765,-0.1815563672171888,0.6801925818112817,0.21226377728938747,0.6777310868055569
15,1.2173131519396552,-54.84744919188765,-454.4626701175108,-1599.3500669396287,-0.17648591983994552,0.6721459064258163,0.21952092120547595,0.6847504404718301
16,1.3173662877155172,-55.22091567429382,-434.4210352769327,-1564.5047432394704,-0.17015088556133964,0.6642489541035661,0.22373240246804807,0.6926512940873537
17,1.3673928556034483,-54.51475478832013,-424.5872065938035,-1549.2585644830103,-0.167038929007276,0.6651094817130029,0.22422775510533957,0.6924227663588067
18,1.4674459913793103,-50.96379558196732,-406.03729984822496,-1523.3661057863608,-0.15983451075573196,0.6715172323418691,0.22028436177332866,0.689196877385199
19,1.5674991271551724,-45.436324267713246,-389.17804797653724,-1505.1409960068306,-0.15999930842838284,0.6746585081923505,0.21217728062038993,0.6886340974818541
20,1.6175256950431034,-41.396724465534845,-381.4038087944055,-1499.2313338984727,-0.15929248555741102,0.6767690149482211,0.20674145514538947,0.6883804000516891
21,1.7175788308189657,-31.6849985485633,-366.67575033907946,-1492.2407228250358,-0.15498804001624544,0.685657921706698,0.19772461295984411,0.6831960913842042
22,1.8176319665948277,-21.150421092885068,-353.83945343624794,-1489.2234842872897,-0.14853667247824512,0.6889021036473425,0.1916323488368269,0.6831015966886899
23,1.8676585344827588,-15.840340215718044,-348.6399948093222,-1488.4510846441226,-0.14460730245517436,0.6895466741202522,0.18898546412922443,0.6840311444913879
24,1.9677116702586206,-5.804921312496376,-341.3962148921928,-1489.3576529465945,-0.1332075514482551,0.6937948253873171,0.18552276596497994,0.68299765139541
25,2.0677648060344826,4.142218339195438,-337.6099613004353,-1491.923657747368,-0.12461012162794217,0.6947357462668073,0.17774467471986818,0.6857269070524359
26,2.117791373922414,9.000028183107162,-336.52405273284626,-1493.7892243769543,-0.11965224425264444,0.6970090045633303,0.1741522776630377,0.685224614405902
27,2.217844509698276,17.145751553103835,-335.50553612809455,-1496.8094801826226,-0.11250955199235492,0.6987965831981687,0.1668345773592901,0.6864336528888946
28,2.317897645474138,22.407940028214213,-334.1322894540792,-1498.7494408776088,-0.10758752455593729,0.69870009264307,0.16332205968466354,0.6881635052230323
29,2.367924213362069,24.377290230373163,-333.2135961645976,-1499.4206305112193,-0.10467156063629264,0.6996346216498718,0.16201106089064873,0.6879736017696393
30,2.4679773491379313,27.722757446856747,-330.84221082492803,-1499.936184665902,-0.10190776600471492,0.6991619550326221,0.15942295700280673,0.6894720361576467
31,2.5680304849137934,30.03394463360908,-329.11614055990043,-1500.6955640807705,-0.0974981463831653,0.6999017104201659,0.15951847718317663,0.689337045747531
32,2.618057052801724,30.1460822462666,-328.70219301372765,-1501.2000461684618,-0.09774779120930581,0.7004459161091673,0.15956970165000842,0.6887368134745075
33,2.7181101885775862,30.147147801817155,-328.90444514687414,-1501.9516069910608,-0.09734117400582572,0.700417174633253,0.15850023174060715,0.6890704999200826
34,2.8181633243534483,30.302268648541258,-329.9781728669901,-1501.9460106213444,-0.09733925166148709,0.7004563138483453,0.1566106324767259,0.6894629303096794
35,2.8681898922413795,30.410981571388092,-330.69326688005674,-1501.6218441015126,-0.0973469751665919,0.6996016488402675,0.15625861004677669,0.6904088253724334
36,2.9682430280172416,30.769010150516763,-332.35646054927946,-1501.4329583097767,-0.0968808339254332,0.6999534810188477,0.1544085898764039,0.6905340077069997
37,3.0682961637931037,30.173640321243894,-333.3177102582747,-1501.1026395294584,-0.0972834749833091,0.6994175078698607,0.15520982404878506,0.6908407817283447
38,3.1183227316810345,29.476874495345953,-333.55107559767555,-1500.7125013308205,-0.09795269253973495,0.6994452753973335,0.15555100222025606,0.6906413414043779
39,3.2183758674568965,27.884868416410356,-333.75888148493686,-1500.615400192566,-0.09876715514851801,0.6991585482855752,0.1564501741267304,0.6906125660881007
40,3.3184290032327586,26.808848618357317,-333.93891147283705,-1500.9679311925279,-0.10061649496331025,0.699520677919833,0.15552409723647284,0.6901879434492143
41,3.36845557112069,26.698517023440587,-334.13239546431095,-1501.5143891024436,-0.10064520255033105,0.699807309755765,0.15485537295540913,0.6900435391211506
42,3.468508706896552,26.04131168661739,-334.5822687076237,-1502.0433006907763,-0.10103778118803097,0.700227485475264,0.15381633601542516,0.6897922659267631
43,3.568561842672414,24.837805282906018,-334.91480525844906,-1501.978152445044,-0.10203237170379559,0.6994592342899453,0.15391590820129286,0.6904028301604744
44,3.6185884105603447,23.90113223563374,-335.02376183279074,-1501.8888212337556,-0.1030596414966245,0.6998355824904833,0.15319570962642942,0.6900289431080756
45,3.718641546336207,22.70652262589411,-334.86841409081273,-1501.827447038274,-0.10396998386996487,0.6991818002280172,0.15299501336316257,0.6905994342381074
46,3.818694682112069,21.942015905518133,-334.6745775018523,-1501.3889988448934,-0.104635141675356,0.6984188843151629,0.15368770904968454,0.6911169490365585
47,3.86872125,21.544598552541615,-334.7671961214501,-1501.0037725372304,-0.10580326850027368,0.6979170029225883,0.15282028530129899,0.6916382622488727
48,3.9687743857758626,21.63477954702425,-334.98286330571574,-1500.5373878193627,-0.10523750635059836,0.6971957118138047,0.1526967921947349,0.6924788056965989
49,4.068827521551724,21.786237845552634,-334.82133366277975,-1500.2994716183816,-0.10467115274121265,0.6972703562461866,0.1527076262764919,0.6924870980467008
50,4.1188540894396555,21.849151960301157,-334.55219223352333,-1500.189060820936,-0.10505246886831619,0.6964417900040235,0.15285441489829088,0.6932303655833062
51,4.218907225215517,21.378451356511846,-334.2550507692729,-1500.8861502653272,-0.10510163825631058,0.6967551874616006,0.15344255164067405,0.6927779137120268
52,4.31896036099138,20.937766035316073,-334.1212851015614,-1501.6277503539902,-0.1055891326849311,0.6958578308469413,0.15434260856067772,0.6934054899483555
53,4.368986928879311,20.60725688136145,-334.2792758025162,-1502.249812459733,-0.10565236171749812,0.6960907650375079,0.15454522471504187,0.6931168724037738
54,4.4690400646551725,19.666136421597443,-334.6333541294622,-1503.5122668278057,-0.10598564692334211,0.6960253723280643,0.15523620251273312,0.6929772327798699
55,4.569093200431035,18.85070904960037,-335.0952801834924,-1504.7141769097043,-0.10663389444263584,0.6956850988923026,0.15590560112842206,0.6930691879401285
56,4.619119768318965,18.618892408150202,-335.4099636372635,-1505.3464558700896,-0.10663548651477552,0.695984593372262,0.15576222906984913,0.6928004379324512
57,4.719172904094828,18.331780528986684,-335.7927623323991,-1506.2280341691412,-0.10690914704285477,0.6944078631460264,0.15663560488852424,0.6941422340995719
58,4.819226039870689,18.113966469603028,-336.03310797244615,-1506.675988647846,-0.10713748605340373,0.6931331710204882,0.1564608755533327,0.6954192697461897
59,4.869252607758621,17.773623252434874,-335.9283609550108,-1506.970875204543,-0.10738462804776927,0.69251257847184,0.15615557230863042,0.6960677463826993
60,4.969305743534483,16.89123388962723,-335.2610873546588,-1507.3672099509913,-0.10863714449835293,0.690941593186157,0.1562406809591698,0.6974141776978972
61,5.069358879310345,15.806751850181172,-334.3233418438456,-1507.944255130011,-0.1103817078890247,0.690354240687717,0.15622260798391624,0.6977258757439709
62,5.119385447198276,15.292591414306997,-333.8959672073436,-1508.384089306184,-0.11048891778788239,0.6902046815315533,0.15688420234321426,0.697708423120377
63,5.219438582974138,14.773601988624264,-333.1640063473668,-1508.8250055286787,-0.11114463287633126,0.6899144378393098,0.15684997791123714,0.6978990066427229
64,5.31949171875,14.41533173669319,-332.5856440434312,-1508.9856894839786,-0.11186886028295871,0.6895625475898483,0.15673656518243187,0.698156501219607
65,5.369518286637931,14.337596763106774,-332.47591551745415,-1509.168901231261,-0.11176581326652447,0.689822137734693,0.156700805704176,0.6979245509134011
66,5.469571422413793,14.430659190422247,-332.44089671906494,-1509.0281844074955,-0.1114009819188855,0.6890602496549513,0.1570414902580248,0.698658546008351
67,5.5696245581896555,14.153013340504543,-332.52438804584176,-1508.8347772792588,-0.1117277990749144,0.6880132585315905,0.1571966416683397,0.6996026521153376
68,5.619651126077587,14.072148146137792,-332.5413160002292,-1508.6279453691172,-0.11156881430723424,0.6877120691844238,0.15735871532539183,0.6998876654744663
69,5.719704261853448,13.623821754901627,-332.21152686301093,-1508.4584144475673,-0.11179944317076727,0.686582146955945,0.15815949805299775,0.7007791472095152
70,5.819757397629311,12.892556073001217,-331.69776369168926,-1508.5400550181691,-0.11278504588877794,0.6857793443599801,0.1591523782367307,0.70118239051951
71,5.869783965517241,12.520667292724738,-331.3119604710125,-1508.7375877725049,-0.11334175457161239,0.6853924575449469,0.1599094586565718,0.7012986459728042
72,5.969837101293104,11.962553243819173,-330.7551796319375,-1508.910813627595,-0.1145707052261044,0.6848856831973591,0.16047555235460179,0.7014647186792542
73,6.069890237068965,11.76204138629042,-330.2346794417322,-1509.283081847977,-0.11539359675879572,0.6845237028343452,0.1612217535102819,0.7015120556912016
74,6.119916804956897,11.486942897187674,-330.0035381162259,-1509.6382123647286,-0.11590757680732702,0.6846940851199804,0.16171146661025648,0.701148233262501
75,6.219969940732759,11.290780325249372,-329.6719956808144,-1510.1824674899067,-0.11639679590124462,0.6850381228698305,0.16213633846758066,0.7006328309944012
76,6.320023076508621,11.695657187309507,-329.47677715301876,-1510.428486380609,-0.1173886733935849,0.684160086006152,0.1618677635535001,0.70138698533487
77,6.370049644396552,11.887977062166868,-329.37455267479766,-1510.545660190226,-0.11721355290999279,0.6841820117185963,0.1626888061792992,0.7012048988696993
78,6.470102780172414,11.685954323823552,-328.54595338406847,-1509.9467278735126,-0.11899392227615198,0.6825793653841273,0.1645920845231565,0.7020222946071307
79,6.570155915948276,10.549832368195851,-327.24242778596215,-1509.7583796547483,-0.12215761959398283,0.6814535283885128,0.16558157311099375,0.7023399086397318
80,6.620182483836207,9.853227468084128,-326.59735831831,-1509.6494722995797,-0.1234002110111195,0.6810166777160191,0.16665286688345182,0.7022930261326631
81,6.720235619612069,9.301917972135968,-325.6993353245483,-1509.0364467010188,-0.12444330787569866,0.680277259331634,0.16834126516546102,0.7024229011099274
82,6.8202887553879314,8.855152639098534,-325.2205183284553,-1508.8586058843766,-0.12635432640510988,0.6786129342881991,0.17025881262210463,0.7032289857080567
83,6.870315323275863,8.67954858579786,-325.2644135449782,-1508.9624609138552,-0.1263060109389982,0.6785927671104856,0.17044014021271445,0.7032132014050093
84,6.970368459051724,8.630410812750597,-325.3539212359851,-1509.316301397091,-0.12723606317982128,0.6785483571526238,0.16982313353153108,0.7032376657642192
85,7.070421594827587,8.737675376352314,-325.42800007066194,-1509.7517698966776,-0.12642826265469542,0.6792406740597919,0.17025178029212065,0.7026110819025546
86,7.120448162715517,7.796684150299683,-325.49899108208393,-1509.6586266982376,-0.12633502744069675,0.6789101378323281,0.17156293864580097,0.7026283823425187
87,7.22050129849138,-1.9005166232838206,-325.6675131042893,-1509.347892114115,-0.12877303272840002,0.6775491609108705,0.17998784513400645,0.7013907728184929
88,7.320554434267241,-20.40797081740729,-324.66598738913433,-1510.3307837443826,-0.13552072131819015,0.6733550259823639,0.18929892224739295,0.7017072474427375
89,7.3705810021551725,-32.486025239879126,-323.7240332981826,-1512.837476460776,-0.14122182357804317,0.671813431769809,0.19449398451619573,0.700639136379048
90,7.470634137931035,-57.750762797615494,-320.9094771820618,-1524.1230798691724,-0.15294498203965054,0.6666915191058667,0.20578329064011897,0.699845331565859
91,7.570687273706897,-80.42183812219346,-319.1003048170609,-1544.8108599639136,-0.15683451730270848,0.6632756327286253,0.21649375997814205,0.6989984414155692
92,7.620713841594828,-89.15971622903655,-318.1151788506772,-1558.222372986725,-0.15698754083956637,0.6636048657725959,0.22087836348389608,0.6972777371239929
93,7.7207669773706895,-100.71999577039935,-315.4116902507354,-1589.2057697982032,-0.15586000006320508,0.6659640461584884,0.22327636776624796,0.6945122124207923
94,7.820820113146552,-107.62413155796393,-311.7963041851708,-1622.3244978552157,-0.1589537964941549,0.6699648436153518,0.22000529481075437,0.6909981687058115
95,7.870846681034482,-109.18195060937846,-309.5602567917444,-1638.5521451910085,-0.16171274828000526,0.6726953119565676,0.2172185005022362,0.6885826946380108
96,7.970899816810345,-109.20034234240892,-304.48379840808036,-1668.57342961459,-0.16986642619575387,0.6769167315475774,0.20938949035252574,0.6848979319083517
97,8.070952952586207,-106.85263579371012,-298.55889313233365,-1694.1351448605874,-0.17913162622734882,0.6833790341600614,0.20231794200181383,0.6782126558091921
98,8.120979520474139,-104.45339775082326,-295.1741734431212,-1704.8852635899002,-0.18328191826516588,0.6854095971098516,0.19899691004352416,0.6760337657394649
99,8.22103265625,-96.7229303407904,-288.95518967767237,-1722.2615526542418,-0.1898985189479737,0.6887880352001464,0.18883518976923194,0.6736845449995913
100,8.321085792025862,-87.72882156298495,-284.6700364299181,-1734.2286771430258,-0.19354920651895666,0.6909007171144551,0.17996754758269082,0.6729090470217247
101,8.371112359913793,-83.53858990030581,-283.3742966540928,-1738.6863452226194,-0.19394160834591295,0.6933682673317372,0.17660108955403184,0.6711476391807648
102,8.471165495689656,-75.45034490518991,-281.16971654997576,-1743.6509977476937,-0.19606193727879415,0.6946245070191168,0.16967222571424062,0.6710200047838446
103,8.571218631465518,-69.60331163065607,-279.8998427052481,-1745.63348042581,-0.1938837153787389,0.6957700958902119,0.16772310292782922,0.6709560636287016
104,8.62124519935345,-67.61090961967511,-279.56029590809567,-1745.1849698486326,-0.19226595513793934,0.6958245796175833,0.16690412085108536,0.6715690369111992
105,8.72129833512931,-64.48878890845351,-279.0292974959041,-1744.0223604706332,-0.19036486950947465,0.6963999458774194,0.16641671272989708,0.6716351759420756
106,8.821351470905173,-61.861776024289185,-279.05977048260615,-1743.191405659895,-0.1882787081393272,0.6968979950811743,0.16631158721967787,0.6717326614581852
107,8.871378038793104,-60.69578968727279,-279.04159042434907,-1742.6923141707894,-0.188006788420465,0.6965356915915932,0.16551426702947236,0.6723812201843088
108,8.971431174568966,-59.471710172117554,-279.07522187228744,-1742.4277703916332,-0.18768508523298516,0.6963285728992035,0.16460652775190385,0.6729082540485796
109,9.071484310344827,-59.07284276270691,-279.05821891160645,-1742.5103121371546,-0.18747091872723612,0.6966862075234378,0.16445993355772373,0.6726335652733695
110,9.121510878232758,-58.89394858734764,-279.1228376937742,-1742.7014603829339,-0.18756510261356169,0.6964669757641211,0.1643335298961015,0.6728651981663416
111,9.22156401400862,-58.80953049250597,-279.50486940913294,-1743.3700848511437,-0.1874576517262827,0.6969990587078237,0.1639557693277826,0.6724362026793399
112,9.321617149784483,-58.91608182438573,-279.52432781512715,-1743.5846976380433,-0.18762849441573434,0.6967293732694143,0.16454563577705447,0.6725239492045013
113,9.371643717672415,-58.9151771307711,-279.6843432583456,-1743.8508842565216,-0.1869154922447898,0.6973111196041866,0.16436901416095034,0.6721626502707517
114,9.471696853448275,-58.82238737418713,-279.69609148001206,-1744.2886302637896,-0.1875395084250056,0.6975743317595411,0.16340664830429344,0.6719503342806624
115,9.571749989224138,-58.45716647722426,-279.4441367143011,-1744.1814907532596,-0.18757926752698723,0.6967186675120258,0.16342355339707565,0.6728223085847995
116,9.621776557112069,-58.21283409509114,-279.2310045936551,-1744.0597797837934,-0.18757830548043156,0.6960933619434757,0.16340523443556632,0.6734739342620298
117,9.721829692887932,-58.43846186709135,-279.1143076784761,-1744.177556834626,-0.18752034308948679,0.6961342891795315,0.16320734049324767,0.6734957582384844
118,9.821882828663794,-59.11740153383158,-278.8120980442724,-1744.0302490784948,-0.18795110573517343,0.6958349337483385,0.1639844100831599,0.6734962806712811
119,9.871909396551725,-59.52415159528239,-278.6339485572022,-1743.8179974562404,-0.18818034260640823,0.6955036877051869,0.164157960340234,0.673732100394478
120,9.971962532327586,-60.5049222190554,-278.43993967263384,-1743.4563154334637,-0.1890366911999115,0.6955047268489332,0.1643571073798567,0.6734426817218422
121,10.072015668103449,-61.19430891339276,-278.26907374692206,-1743.0745019190517,-0.18975355451874684,0.694924081781541,0.16493753620517368,0.6736985366305541
122,10.12204223599138,-61.470024629086524,-278.28052854606676,-1742.8235213955734,-0.1901172288093273,0.6948736253625198,0.165304892420972,0.6735579979683274
123,10.222095371767242,-61.95221208938119,-278.5155404716693,-1742.2444365935512,-0.19014321966669426,0.6946292025763038,0.1657944885533038,0.6736824285287097
124,10.322148507543103,-62.669548487547885,-278.7251929364432,-1741.6989924100665,-0.19071021670772492,0.6946213414753292,0.16614393057410085,0.6734441324591781
125,10.372175075431034,-62.804736853250276,-278.6848760057867,-1741.3775427342566,-0.1904936915261206,0.6945386901706714,0.16691728287201546,0.6733994223515364
126,10.472228211206897,-62.8630103156715,-278.6301740270389,-1740.847394179837,-0.19056648545842528,0.6937767980759422,0.16758467900491913,0.6739981783612885
127,10.57228134698276,-62.80191077445923,-278.911545992688,-1740.5833250695832,-0.19051715980764972,0.6942726662992418,0.16766251710234145,0.6734819648717218
128,10.62230791487069,-63.11679108421494,-278.80803490407254,-1740.281678203122,-0.191108606734623,0.6936800791194041,0.16851637477186723,0.673711866971776
129,10.722361050646551,-64.65009176365209,-278.1878244004696,-1740.087238510897,-0.1922199170688013,0.693589709243172,0.17119636681359418,0.6728124721672902
130,10.822414186422414,-66.82398325955229,-276.96915985370333,-1739.6950225447836,-0.19310574483451615,0.6933140657734395,0.17514833470173843,0.6718250057595485
131,10.872440754310345,-69.01810508366624,-276.0255339435323,-1739.3114273615024,-0.19631076760595872,0.6920988658950834,0.18116049112914767,0.670553591297925
132,10.972493890086207,-75.01911790175731,-274.0843495616481,-1738.549321420463,-0.20136715264885421,0.6927849280909472,0.19483393935097773,0.6644847999172696
133,11.07254702586207,-83.66806480234618,-271.9995194140034,-1737.0883287423553,-0.21085612090438954,0.6905408941655757,0.20911703718431668,0.6595172738612793
134,11.122573593750001,-88.33294555404653,-271.64673008141176,-1736.3373052321626,-0.21437772512058811,0.6902368339720332,0.2143911450917921,0.6570020859225758
135,11.222626729525862,-97.01575706927369,-272.5382064457509,-1734.6512507063449,-0.21974338319868172,0.6887249800299233,0.2218787051977148,0.6543245277406041
136,11.322679865301724,-104.21627664434143,-276.311456373115,-1732.7144043630162,-0.22300240818485748,0.688675215431576,0.22677340012036262,0.6515905145042219
137,11.372706433189656,-107.08080526563666,-278.87342595357245,-1731.5809022817825,-0.22419706675282933,0.6879715682486256,0.23027299411444116,0.6506958926584095
138,11.472759568965518,-112.22920329291944,-285.77408470154904,-1729.3251180090442,-0.22792998425376673,0.6879174282504155,0.2353993756968596,0.6476145984371732
139,11.572812704741379,-116.8848396773796,-294.8531534995881,-1726.548692892083,-0.23093686825725207,0.6899774883661903,0.2420514314071611,0.6418803104794231
140,11.62283927262931,-119.25334510657402,-300.02295719387797,-1725.0102313743384,-0.23222778213950843,0.69180903750224,0.24545169360033287,0.6381410337390298
141,11.722892408405173,-123.05370372869936,-310.2042600292533,-1721.2681866292949,-0.237559159865612,0.6911747296051397,0.25012124544442416,0.6350452749974105
142,11.822945544181035,-125.8756189666152,-320.3607286001332,-1718.422697693266,-0.2392945677178309,0.6934953819456526,0.25702689275733775,0.6290782475020876
143,11.872972112068966,-127.15306582670823,-325.5176441169931,-1717.3313820713963,-0.2401832136673252,0.696850370447331,0.26155480386026614,0.6231377613798343
144,11.973025247844827,-129.69488455349696,-336.132737641818,-1715.5759688188275,-0.24940942454252957,0.6995364375261799,0.26760206111457024,0.6138671260214046
145,12.07307838362069,-130.73170188992427,-348.5477536768382,-1713.6609428277916,-0.2566198721804321,0.7012965816096643,0.26988523043861007,0.6078579671401835
146,12.12310495150862,-130.2609150805341,-355.3034362344456,-1712.0330615799376,-0.25647322898175695,0.702670224323297,0.27197980652544695,0.6053949318482105
147,12.223158087284483,-129.64411300199498,-370.2246604826555,-1707.4538935944695,-0.2536463209832583,0.7074289782869891,0.2775899432623799,0.598457691011715
148,12.323211223060346,-129.652193663434,-385.4120167890305,-1700.9520352656427,-0.25403575690590086,0.7089704737952451,0.2827194710656607,0.5940508414101816
149,12.373237790948275,-129.75632318820985,-392.30224282512154,-1696.7291773606755,-0.2559321416700681,0.7100160087591691,0.2825389174928721,0.5920707443100255
150,12.473290926724138,-129.97407422867434,-403.3623448684256,-1685.7100800040478,-0.2600612181705831,0.7100255427384539,0.2829507663793418,0.59005995904479
151,12.5733440625,-129.74909546552772,-412.085510117258,-1671.620722582513,-0.2645417960373682,0.7116108470874749,0.2869590857222782,0.5841935668750591
152,12.623370630387932,-129.41879430403242,-416.620639867415,-1663.758739347164,-0.2661950002519036,0.7136363330660952,0.2870614201486322,0.5809123402296741
153,12.723423766163794,-127.46156107960968,-426.90936104897787,-1646.8345451131386,-0.2745557033117213,0.715684592717999,0.278864838625164,0.5784886613440573
154,12.823476901939655,-123.46879768105634,-437.42995803728513,-1628.6711589953677,-0.27832156365538135,0.7179861812351237,0.27277304077378495,0.5767389522018176
155,12.873503469827586,-121.60546346027309,-442.68479441262076,-1619.781704338469,-0.278850176817248,0.7201055419652499,0.2709586022290107,0.5746929816850248
156,12.973556605603449,-117.8515709230029,-452.0430025962928,-1602.4130644159045,-0.2843689734862804,0.7204316949447191,0.2644172031444654,0.5746268376248163
157,13.073609741379311,-114.60894643241849,-459.73122433135586,-1586.8113216200672,-0.2897763038595446,0.7219372812521643,0.2578642419357685,0.5730115953369757
158,13.123636309267242,-113.3193808112072,-463.20473921189546,-1579.953533688322,-0.29219713878493303,0.7235708095747446,0.25559679898720433,0.5707332055914937
159,13.223689445043103,-110.55231625317566,-469.7230630160598,-1568.0560942133043,-0.29544355379846626,0.7267143579947654,0.2525670268151182,0.5664002519146335
160,13.323742580818966,-107.37068118898921,-475.98749469985967,-1556.7298251677928,-0.294701860985577,0.7289356463298322,0.2521154098384204,0.564128936293249
161,13.373769148706897,-105.77966866474654,-479.0547305048385,-1551.5441388572508,-0.2918750261590614,0.7304971852560506,0.2542976468442347,0.5625971367214014
162,13.47382228448276,-102.94838853913592,-484.4908778290885,-1541.847835468439,-0.2893276841560303,0.7316307029994108,0.25468511227285606,0.5622646167029
163,13.573875420258622,-100.456246664634,-488.7420736730143,-1533.875877860048,-0.28896613545230976,0.7298836579402587,0.25500955203946785,0.5645693463181781
164,13.623901988146551,-99.69433276791685,-490.5059778411157,-1530.5561816721445,-0.28874859063914343,0.7286814669390845,0.2574868302267323,0.5651089305640129
165,13.723955123922414,-98.88104842706579,-494.2649383120834,-1524.8971122969715,-0.2863956187887044,0.7293161598574137,0.260853980941326,0.5639420973260756
166,13.824008259698276,-98.80080809693965,-497.7977343258933,-1520.3167172045596,-0.2845751447212183,0.7281888252046629,0.2640287119046877,0.564842332995591
167,13.874034827586208,-98.7531580802019,-499.43511898712137,-1518.5175086771665,-0.28487743329886195,0.7274206003588142,0.26447566415260454,0.5654703716745145
168,13.97408796336207,-98.4638040813858,-502.4292201987841,-1515.7307016175214,-0.2847596886324315,0.7246939399211136,0.26498916229910296,0.5687805877802034
169,14.07414109913793,-98.12795311004479,-504.76904868589173,-1513.0971505630848,-0.28294761443224176,0.7222771412275099,0.2675034033797002,0.5715752863163317
170,14.124167667025862,-97.96859418448776,-505.55414818254434,-1512.2008348768686,-0.28141340295720957,0.7214435002088498,0.2695369923145367,0.5724295436265322
171,14.224220802801725,-97.51949572013928,-506.36304518450606,-1510.7137395885222,-0.2804143495290643,0.719742854905895,0.27116996116861847,0.574286398541628
172,14.324273938577587,-97.04934740121303,-506.49384979417783,-1510.3544962391265,-0.27998746316712814,0.7176675433183856,0.27247708522332764,0.5764690414625825
173,14.374300506465518,-96.87210687356895,-506.418498651037,-1510.3633593517725,-0.2801052125467174,0.7169619957346015,0.27242290353293874,0.5773147566164394
174,14.474353642241379,-96.58144839343561,-505.9466118452251,-1510.5414986696494,-0.2818955303357101,0.7151081702873683,0.27121658252057773,0.5793071552560523
175,14.574406778017241,-96.22019601101448,-505.3079915838198,-1511.4897126791243,-0.2815349659020172,0.7146235411270759,0.27166475842256393,0.5798702583102174
176,14.624433345905173,-95.85970848098003,-505.0700891807469,-1511.8017488215407,-0.28103394924244424,0.714472341253867,0.2715401211484603,0.5803577823748832
177,14.724486481681035,-94.2860972212516,-504.93040155286394,-1511.957788511409,-0.28218002812400395,0.7123666456369957,0.269865498667197,0.5831644764051873
178,14.824539617456898,-91.903101151497,-505.28173800418176,-1512.082990522124,-0.2806568543912621,0.7116798206266576,0.26819616619095454,0.5855035264082397
179,14.874566185344827,-90.6840739729025,-505.3376718363255,-1512.1127356764293,-0.27908944194083796,0.7126424186286949,0.2672627815696536,0.5855087293592189
180,14.97461932112069,-89.11807411381011,-505.1680393926267,-1511.7746968932377,-0.27750844595616697,0.7117369336071702,0.2674158566641409,0.5872889913552266
181,15.074672456896552,-88.8108583452725,-504.94716372532554,-1511.1595845794334,-0.27656641575578145,0.7116528234246677,0.2681906621746688,0.5874819531781479
182,15.124699024784483,-88.7754848756015,-504.70216065182075,-1510.5470160822958,-0.2764151865955136,0.710789130238054,0.2690308713046398,0.5882141168315024
183,15.224752160560346,-88.35378052775906,-504.3670218760918,-1508.8060238660062,-0.2753455444734901,0.7096136795920159,0.2699166332743238,0.5897272826962738
184,15.324805296336207,-87.91748824177324,-504.4047264567205,-1506.874551252261,-0.27339819482494643,0.7089593909336881,0.2724091152198924,0.5902739050800992
185,15.374831864224138,-87.8880807384584,-504.63407602430794,-1506.2298938486501,-0.2731803874261166,0.7087848918294297,0.2733759610421156,0.5901373034848418
186,15.474885,-86.98860110486876,-505.0300110440328,-1505.1627903626634,-0.27122861694210104,0.7087838164843222,0.2744452774465065,0.590542401973731
