,Time,x,y,z,qx,qy,qz,qw
0,0.016652677586206897,-25.716470714466467,-459.47433134826935,-1787.7933064527722,-0.14430143883896998,0.6816206530950386,0.1367728120974633,0.7041758709848689
1,0.06661071034482759,-25.79986648425077,-459.2524814328016,-1787.5758111538175,-0.1444700994540434,0.6815885831920687,0.13667297519294672,0.7041916581995808
2,0.11656874310344827,-25.883262254035074,-459.0306315173338,-1787.358315854863,-0.14463876006911683,0.6815565132890988,0.13657313828843012,0.7042074454142928
3,0.21648480862068964,-26.32277811956601,-458.4473690180104,-1786.7232376836955,-0.14523003365796194,0.6808011591113419,0.13651854831130544,0.7048267198704475
4,0.31640087413793105,-26.902522361771005,-457.8532385992765,-1785.9691641706913,-0.14484957208001245,0.6810362650823892,0.13693598990906122,0.7045968647237173
5,0.3663589068965517,-27.013249389643562,-457.48582344582366,-1785.4996129608235,-0.1449740912183473,0.6803989443457243,0.13682517786722856,0.705208238827539
6,0.46627497241379307,-27.279940214031626,-456.68194964748886,-1784.2278366538258,-0.14542344981569388,0.6796335553092911,0.1367759760057868,0.7058630059218428
7,0.5661910379310344,-27.5356828168959,-456.08949205666045,-1783.5733878298568,-0.1445601755254017,0.6793330046023347,0.13782228231883628,0.7061260815225961
8,0.6161490706896552,-27.580767115377768,-455.8570845682702,-1782.8253600380444,-0.1441546913089951,0.6794939841805007,0.13774836942649837,0.7060685074101937
9,0.7160651362068965,-28.183517536206068,-455.5469340534625,-1780.6376304686273,-0.14171767414642175,0.6799101599967738,0.13936508688911955,0.7058439258958584
10,0.8159812017241379,-30.254217330892885,-455.3663730738939,-1774.9682688185503,-0.1378864824276148,0.6802814068794182,0.14253494448973847,0.7056120145074103
11,0.8659392344827586,-32.04689085052124,-455.4784652876409,-1770.3357571112033,-0.13399628752124648,0.67895494660798,0.14689200512709732,0.7067445891103938
12,0.9658553,-37.019741511937355,-456.0199578561832,-1755.9741366997246,-0.12499645252416933,0.6747111455488439,0.15563413975438198,0.7105763656859503
13,1.0657713655172414,-42.07732476422879,-454.8842234202101,-1734.8087447623755,-0.11404403770104954,0.6709275536088343,0.1663361708203993,0.7135702162717508
14,1.115729398275862,-44.121113402311835,-452.71341912710795,-1721.6366972054193,-0.10988937417950861,0.6689499458643636,0.17050029550820645,0.7150943606281028
15,1.2156454637931033,-48.20455805674844,-443.01386105659526,-1690.3442676716559,-0.10461401750271815,0.661855461222846,0.1772743157570821,0.7208169481666571
16,1.3155615293103446,-53.35230484395241,-424.8533169518,-1653.879676259041,-0.10324271876125987,0.656785036253117,0.18576400463299939,0.7235095657691654
17,1.3655195620689655,-56.3546392210834,-413.2087392622278,-1634.8076981854867,-0.10456103597979567,0.6545622844499425,0.1903826403288944,0.7241337278375475
18,1.4654356275862068,-61.800325053766784,-386.6466288545834,-1598.1037909800855,-0.11197269504150163,0.6526431887035185,0.19126734626101943,0.7245245241248316
19,1.5653516931034481,-65.06487819835124,-355.51558661740137,-1564.7070136267855,-0.12169313684780918,0.6501929843135612,0.1859148911721003,0.7265504227746561
20,1.615309725862069,-66.12325708405895,-338.3219984415045,-1549.9826228653353,-0.1248582738750476,0.6486957832521794,0.18312723513039353,0.7280581075637319
21,1.7152257913793103,-68.49963558913716,-301.33038759011237,-1525.771725669093,-0.12952640966862236,0.6496015005753992,0.18023877827968512,0.7271552670872931
22,1.8151418568965516,-70.99066113197543,-262.1710397685431,-1508.7887038549,-0.1329591064778866,0.652550571473976,0.1813783195551926,0.7236031597974982
23,1.8650998896551723,-71.84175998878416,-242.71104406992177,-1502.5286501688524,-0.13440109357580005,0.652292065236032,0.18224580430867646,0.7233518331266084
24,1.9650159551724136,-71.33952556686485,-206.13515389171425,-1494.5176023176086,-0.13329292305598395,0.6527634072068556,0.18232691476951207,0.7231112134558
25,2.064932020689655,-67.49360282495579,-173.1958736207569,-1490.508994988927,-0.12879069841069085,0.6527753465694488,0.18277632147391298,0.7238025415971452
26,2.1148900534482755,-64.14935537996023,-158.119822751259,-1489.46626439692,-0.12551424921174392,0.6533883194686118,0.1832550842109156,0.723703980462762
27,2.214806118965517,-55.39374533801406,-131.19339748573248,-1489.5478358829528,-0.11705151520319408,0.6574312375176616,0.18007473007093885,0.7222577118414942
28,2.3147221844827586,-46.87094469358034,-107.90389003459302,-1491.5440017951832,-0.11169111617967206,0.6602968680298287,0.17789841748704668,0.721030716191857
29,2.364680217241379,-42.551935757444696,-97.216769413695,-1493.0111805764022,-0.10865469052231262,0.6638160968090833,0.17752441465983756,0.718350492478662
30,2.4645962827586207,-32.89263597460145,-77.72890926474855,-1494.472738830327,-0.10299273558197433,0.6645381601504555,0.1793520484485375,0.7180629309736735
31,2.5645123482758616,-23.470294064691544,-62.677832117762215,-1495.9051233501395,-0.09790369791935931,0.6651886850509232,0.17949325799828786,0.7181372080230204
32,2.6144703810344825,-18.991829625185915,-56.63452578798501,-1496.8020225717914,-0.09430480264059514,0.6661769420539836,0.17926082837761567,0.7177607132491249
33,2.7143864465517242,-10.360912463233277,-47.326695651603174,-1498.5257389027145,-0.08765009048149311,0.6682187088700977,0.17963148803370269,0.7166126898551013
34,2.8143025120689655,-2.9592567818077953,-41.465476253436535,-1500.4116747666224,-0.0824811088352878,0.6699468558675845,0.1787285926481802,0.7158380872574749
35,2.864260544827586,0.2884470669619361,-39.528305518587956,-1501.2729396466414,-0.07985184995252907,0.6710935769334601,0.1785392886784759,0.7151089535560275
36,2.9641766103448273,5.086017830742648,-37.26852503822346,-1502.2409344455468,-0.0772177468595637,0.672362760388248,0.1752208600343238,0.7150268444064598
37,3.064092675862069,6.795017526588367,-35.60150004376408,-1502.3151072850947,-0.07592492365257539,0.6733981732088288,0.17622631795603827,0.7139429887232034
38,3.1140507086206894,7.167431964838883,-34.743456531595086,-1502.0732462912654,-0.07619940452773163,0.673345829021778,0.1763029979329422,0.7139441842388315
39,3.2139667741379307,7.369238228973103,-32.738832774015094,-1501.527533159495,-0.07640809834153335,0.6727244029386011,0.1771012362104547,0.714310039360684
40,3.3138828396551725,7.175659665877248,-30.781926930660674,-1501.5782367572372,-0.07736205081688914,0.6719668311833742,0.17730663077030612,0.7148692534776286
41,3.3638408724137925,6.935169320564768,-29.855083844278397,-1502.1612211834865,-0.07771805112781209,0.672381935111282,0.17804082260934967,0.7142575889337744
42,3.4637569379310342,7.057450978850255,-28.35578517871572,-1503.2655870806022,-0.0784221527525271,0.6719442119949911,0.17781990117555546,0.7146474827983411
43,3.563673003448276,7.400798005027511,-27.540767746378137,-1504.4014982575031,-0.08063254771370199,0.6701870995177789,0.17605571061972655,0.7164858900545965
44,3.6136310362068964,7.671254635412026,-27.249201643685083,-1505.0085174081182,-0.08079124354329603,0.6707214296680127,0.17567934528990606,0.7160602672885397
45,3.7135471017241377,7.790053560160217,-26.625137159667588,-1505.8483885673193,-0.08135786193748792,0.6715397141548952,0.17545326398779812,0.7152841832235286
46,3.813463167241379,7.62504706695276,-25.95854314121179,-1506.0982196442171,-0.08191479335319493,0.6708584861128193,0.17566920835251734,0.7158066690644336
47,3.8634212,7.253539199243463,-25.6938306810122,-1505.9830382403225,-0.08274524103364013,0.6697047339548982,0.17576617812795076,0.7167670786461786
48,3.963337265517241,6.310484791868902,-25.311720245090527,-1505.7800805872607,-0.08304291121156702,0.668451330253588,0.17678635392489367,0.7176512238167356
49,4.063253331034483,5.342621312885868,-24.764838051315678,-1506.2060833481853,-0.08477073304863243,0.6685053006934958,0.17672998682516405,0.7174127804269127
50,4.113211363793104,4.999406999388242,-24.374776744338078,-1506.6855006332528,-0.08585035337932914,0.6684050656344892,0.17672952109765866,0.7173779069858442
51,4.213127429310345,4.633579739077717,-23.68969898716773,-1507.9255219052404,-0.08684170550535329,0.6694171759008707,0.17632465136474668,0.7164138330008185
52,4.313043494827586,4.64362958669534,-22.80778716189353,-1509.2975635109751,-0.08790417712397133,0.6696981300917378,0.17543120726773873,0.7162409941579516
53,4.363001527586206,4.6375155430090444,-22.4410369371095,-1509.76055164813,-0.08879925553836197,0.6697538966087985,0.1753719095610977,0.7160929433600486
54,4.462917593103448,4.794890156894311,-22.26019104160136,-1509.762766116734,-0.08899938178202312,0.6687289862840731,0.17501808485143439,0.7171117924848467
55,4.562833658620689,4.870352175696354,-22.208796289912215,-1509.2402378254599,-0.08905891811666336,0.6681043315510409,0.17483444531472622,0.7177311669407415
56,4.61279169137931,5.016311995650312,-22.25539692560517,-1508.7213518971873,-0.08858976734977349,0.6673910968520758,0.1748695572371133,0.7184438843188744
57,4.712707756896552,5.257615399599004,-21.96693899038904,-1508.1755474249558,-0.08917903666950823,0.6672042393807806,0.17403316836517563,0.7187475625557216
58,4.8126238224137925,5.1829299907618065,-21.24728025793081,-1508.1166761866166,-0.08939673949253274,0.6671049315054408,0.17448837510911833,0.718702330788627
59,4.862581855172413,5.105847773168236,-20.515716864014863,-1508.1707368479692,-0.09001919884806488,0.6668878172574502,0.1745462225884052,0.7188120750324559
60,4.962497920689655,4.569930892253353,-18.576048560358487,-1508.5342605718909,-0.09177943801596233,0.6674482535408591,0.17470132756431722,0.718031203883227
61,5.062413986206897,4.250745821375247,-16.38073984714893,-1508.816331612194,-0.09299708768312397,0.6672733424935755,0.17615867639282332,0.7176809519636406
62,5.112372018965517,4.1944321737437065,-15.38276662515409,-1509.0234906689448,-0.09359949676795307,0.6667743360257776,0.1765168536029893,0.7179783558132308
63,5.212288084482759,4.383862427557105,-13.813689008736475,-1509.2939055918223,-0.09483448419606633,0.6659001112028196,0.17681955710090905,0.7185529254926021
64,5.31220415,4.227963732969513,-12.483122414289141,-1509.2330686317807,-0.0974586889785651,0.6635745725047852,0.17754166458061751,0.7201732763756333
65,5.36216218275862,4.156640054503669,-11.651406822095694,-1509.0222671407487,-0.098910998019853,0.6616056109495853,0.178037541812754,0.7216628463042937
66,5.462078248275862,3.4365185658508324,-10.327810069849164,-1508.7294964547532,-0.10055898990506297,0.6613537352838834,0.18051364127235184,0.7210505888562362
67,5.561994313793104,2.406779760417038,-9.496907103180234,-1508.302215010413,-0.10188229386817277,0.6618637279246616,0.18241660135421964,0.7199170698102696
68,5.611952346551724,2.127993953814496,-9.257219764462079,-1508.0906440490417,-0.10282752067419183,0.6613449970905645,0.18213831302593156,0.7203297375114732
69,5.711868412068966,1.9978163974143257,-9.098053236738934,-1507.8240119837426,-0.10291335679628269,0.6608431325267468,0.18227484454698162,0.7207434191378588
70,5.811784477586207,1.8227734124092052,-9.106627063018095,-1507.8568993156027,-0.10320434539643082,0.6611599324067174,0.18224513993120267,0.7204187086984175
71,5.861742510344827,1.349773159636385,-9.1668237426463,-1507.848255240381,-0.10352126501145392,0.6611265713775375,0.18240451040849745,0.720363518573537
72,5.961658575862069,-4.851437907528791,-10.801980584861155,-1508.2252235473802,-0.10737568238930745,0.6595630679782355,0.18435890565636387,0.7207349138870378
73,6.061574641379311,-24.552178877906158,-17.204225148857347,-1510.6134370178656,-0.12028578469388786,0.6566412698775617,0.18650847802804826,0.7208107659558227
74,6.111532674137931,-39.434465670045554,-23.210043260530057,-1512.8382184741654,-0.12710178093039512,0.6551203762374289,0.18923243063353437,0.720314873593053
75,6.2114487396551725,-74.5767350079172,-41.66745527792882,-1521.5137055575026,-0.14402478149830505,0.6513171356177401,0.19848926483047177,0.7180841614407928
76,6.311364805172413,-110.27967037348914,-67.8959195027665,-1536.989492468354,-0.16570760940231208,0.6482407859054499,0.20359518529680892,0.7147544139064924
77,6.461238903448276,-151.03138515316743,-115.5260367270559,-1571.319056214587,-0.19014294525344658,0.65473558859721,0.1971752909056269,0.7044777314088013
78,6.561154968965517,-166.68940254941782,-147.42068907257772,-1598.606498428911,-0.20588130287724754,0.6566718097258024,0.18983361691051895,0.7002558256292317
79,6.661071034482759,-172.90396110777596,-175.76986794356165,-1627.9189365657194,-0.2179926870029324,0.6604342658829216,0.18184592193324112,0.6951530979123789
80,6.81094513275862,-166.39643662592744,-207.29954558569898,-1671.9165420645932,-0.22457449841840138,0.6725922277189469,0.16822926646776765,0.684751709582316
81,6.910861198275862,-153.49289192357537,-220.74920242730963,-1698.8518753372703,-0.2243649172828529,0.6816560627210106,0.1611121600183873,0.6775310088420733
82,7.010777263793103,-136.80085805639447,-228.94691347611126,-1721.4677721304754,-0.22267734299429753,0.6902912644068241,0.15230747520954774,0.6713532633389971
83,7.160651362068966,-112.76398550232602,-234.78395501581832,-1745.7257643684661,-0.21881086465288718,0.6975197729037623,0.14285603959287493,0.6672181980956295
84,7.210609394827586,-105.85995046655066,-235.03712889864312,-1750.5188654031438,-0.21894741690367556,0.6964285683756198,0.1415173302115691,0.6685971305885798
85,7.310525460344827,-93.19779256042364,-234.82858674102678,-1756.3983952435374,-0.21008723542895924,0.6993399560479197,0.1411755158303915,0.6684732254284637
86,7.410441525862069,-81.41311234581967,-233.69482277633216,-1758.2389822909158,-0.20163462688391354,0.698542961920367,0.1374048054979482,0.6726820400597721
87,7.460399558620689,-76.69251918937229,-233.26517821107137,-1758.1298616482438,-0.19868486138491215,0.6955186001384862,0.13692861833080544,0.6767782178822509
88,7.560315624137931,-70.58628799119546,-233.44596156983354,-1757.925738528929,-0.1911107457015289,0.6961353947876511,0.13720733157587886,0.6782671620851725
89,7.6602316896551725,-67.6495559042578,-233.68680662117163,-1758.3714323452243,-0.18869014572223988,0.6959017918664453,0.1359649730505018,0.679433772407412
90,7.7101897224137925,-67.21615928840245,-233.6138106025567,-1758.8938580088807,-0.18903961390014945,0.6964407922073209,0.1343168822653496,0.6791120838747003
91,7.810105787931034,-67.65717325706125,-232.3379181540032,-1759.4183365147417,-0.1888790060251522,0.6975689884979255,0.135427265059914,0.677777015874191
92,7.910021853448276,-68.78192084057325,-230.42992215195233,-1758.4960234664213,-0.1899853561396586,0.6966535364288204,0.1372408622497139,0.6780445120806303
93,7.959979886206896,-69.21752167051402,-229.92705110340233,-1757.9603259892313,-0.1893156603489948,0.6971309389925199,0.13772881274315082,0.6776420949043777
94,8.059895951724137,-69.37732667385399,-229.61941934657082,-1756.7179789591846,-0.1900687273463558,0.6962198377780459,0.1364508295156119,0.6786258081547956
95,8.159812017241379,-69.36575896219018,-229.79765409730993,-1755.9873693547504,-0.18964289682407384,0.696337958509236,0.13641637494117506,0.6786306741308354
96,8.20977005,-69.3499107933781,-229.88599612136204,-1755.8186000319495,-0.18932826799771454,0.6965026850588532,0.13647654891981686,0.678537374237949
97,8.309686115517241,-69.31507551669618,-229.7003141381856,-1755.935355273242,-0.1899538479215594,0.696100446391845,0.1360409070270883,0.67886270762807
98,8.409602181034483,-69.04550363351713,-229.32947849062703,-1756.8470236018609,-0.19077407808537,0.6966208071558454,0.13486586722712332,0.6783331777418024
99,8.459560213793102,-68.86972798959226,-229.01972669842462,-1757.2624335156786,-0.1913254683087939,0.6965246090069669,0.13437055999077768,0.678374960351484
100,8.559476279310344,-68.86557707051223,-228.4871491488654,-1758.8311089068366,-0.19215186840653237,0.6968403953568909,0.13398791075419197,0.6778925893078175
101,8.659392344827586,-69.26000913305857,-228.0056814871972,-1759.834823852971,-0.19441164701185554,0.6952883920382349,0.13361710586043768,0.6789143041831598
102,8.709350377586206,-69.48470416624366,-227.94113120278615,-1760.2379859851737,-0.19493625373218235,0.6956431326926292,0.13255975232134862,0.6786076929883348
103,8.809266443103448,-69.9525773729947,-227.86273260675944,-1761.18280181155,-0.19575583886502507,0.6955174797715432,0.13238378824086908,0.678534906613866
104,8.90918250862069,-70.53503959630724,-227.9561056702193,-1761.8652204932193,-0.19574470021119114,0.6964726035112517,0.13295664645944036,0.6774455366003596
105,8.959140541379309,-70.88340385903248,-227.9269401614544,-1761.8668644755428,-0.1957352801410775,0.6960804315485577,0.13353144052600807,0.6777382144414734
106,9.05905660689655,-71.52386331912109,-227.78806801437696,-1761.3568913375184,-0.19613049076448572,0.6956494086827383,0.13384042383617153,0.6780055101097574
107,9.158972672413793,-72.43532138533419,-227.55039487365343,-1760.9528143529328,-0.1962339707741082,0.6954897679948502,0.13510235141110388,0.6778890513733693
108,9.208930705172413,-72.91976565295147,-227.42681041144834,-1760.8835007221371,-0.1965886006297569,0.6949630194208883,0.13592223631293995,0.6781625685744718
109,9.308846770689655,-73.78121272305145,-227.41058349483671,-1760.7804852087097,-0.19720198327405655,0.6949091493405928,0.13619609910488192,0.6779847155682243
110,9.408762836206897,-74.55457818502548,-227.8091111138337,-1760.7383110930493,-0.19815950610102712,0.694309338368796,0.1357293564093887,0.6784135129877461
111,9.458720868965516,-74.79732112841873,-228.02650802329472,-1760.8521594128229,-0.19814963347793288,0.6950471086917364,0.13580087470595917,0.6776461922573717
112,9.558636934482758,-75.33815731243074,-228.38579003758514,-1760.6125369822564,-0.1990792440995841,0.6942010854010915,0.13554309744243112,0.678292249942749
113,9.658553,-75.91715314827337,-228.79750565559277,-1760.3488912275416,-0.19906938717886755,0.6942773968258994,0.1358835341616609,0.6781489073121179
